7359218035
6094380841
6133646987
6139104140
6118636833
6096901338
6060912727
6126460335
6119252199
6124350058
6126973957
6127437005
6115490981
7400087031
6129108703
6128334051
6058038907
6127565247
6132493951
6135710088
6127027333
6117501335
6116592930
7408234864
6128163784
6102310203
6123099989
6118823654
6120872813
6126243048
6124988908
6128485082
6038647659
6118329352
6126615843
6131634108
6062730980
7350497847
6116264021
6066875842
6127291357
6122754018
6127357502
6102961578
6072199317
6084967816
6110656723
6124602671
6057524220
6111562490
6127995964
6137040836
7352145910
6135593159
6087471191
6036989653
6114675016
7343262837
6123633861
6129653316
6064419719
6100559997
6063570266
6067719329
7329069878
6035127045
6118422045
6011600110
6092543188
6132640139
6080072597
6082128931
6129211645
6066525756
7415664052
6109655209
6126409633
6126917945
6087380735
6123975952
7311994160
6073538133
6085481598
7323751349
6074679998
6067002564
6060683884
6057771453
6064414380
6115709545
7409393975
6129776861
6075009290
6125058071
6108205671
6126379368
6137457736
6109922844
6076797029
7386012727
6129046653
5463806802
7336497847
6123548370
6091285004
5990053893
6108049887
6054244681
6066763431
6074261594
6118783570
6081522636
6054327452
6121365117
6070863428
6117400122
6063895783
6124097083
6081641225
6049277701
7415379382
6105138787
7382621623
6091815464
7396269684
6040000428
6132991371
6125861612
6066318677
6127811580
6125687396
6066101905
7411474741
6105797882
7396129332
7406028850
6118520589
6117278221
6112844311
6111976709
6139087308
6128074267
6060587135
6024721707
6026267883
6080047658
7403149108
7370294832
6133046603
6129203288
6133861642
6088987751
6126296203
6074559116
6127036003
6094351278
7397285430
6118742873
5987741998
6127158484
6127826720
6121404883
7405063095
6129878874
6103488939
7360428023
7408819189
6123373819
6010154783
6131251138
6075583162
7399261429
6017218342
7395766771
6135115273
6085335105
6046639251
6116185253
7383963447
6058828258
5988882890
6034358182
6089272964
6136769165
6111905790
6102692761
6069387209
6133455106
6058408158
7409437431
6070542334
6039996741
6055728173
6088267366
6135635595
7391911413
6135113929
6126974949
6129050025
6054327947
6128921449
5997853693
6102935318
6132681285
6062123936
6129103455
6127054820
6134583488
6124757763
6109547093
6132721723
3758659
6043632633
6119254188
6106043322
6104813599
6085961385
7412762421
6091114713
7351630129
5972204864
6130627740
6058925780
6094044640
5977887085
6111447119
6114578854
6115660756
6023097159
6078934674
7409057719
6046007577
6066295673
7396037168
6057383318
6078503890
7409318706
6127986031
6062769737
5394885213
6125348890
6103504644
6044105124
6062447715
6116858622
7305842997
6119439014
6128650456
6112607803
6099340571
6041989895
6123258177
6029773726
6129127952
6007324689
6134368206
6125498916
