6138291012
6150565743
6150823324
6153628028
6150707017
6147144357
6057327469
6131101945
7400150896
6125797479
6145270504
6036297987
6153237755
6025771601
7430523699
6125624132
6124264937
6735230387
6157220099
6150353018
5996486274
6076258118
6143768230
6051354710
6106471517
6149200732
6141104918
6147612652
6156950797
6005627262
6113604967
6097953903
6146436070
6149371800
6128047511
6150840156
6155308288
6052750318
6147490836
6078363087
6149368920
6058548284
6149919805
6118716198
6146290460
6151421437
6147611372
6067956879
6149916933
6109401624
6021141290
