6149402235
6117894742
6145615513
6121673249
6125503499
6117773014
6126178515
6143205213
7430232179
7361993203
6153345730
6038128990
6147972704
6140085703
6150111215
6124399203
6126240134
6119420417
7410622452
7321132980
7413232435
6036707677
6093058953
6153234300
6148954745
6118706772
6147240337
6029469728
6033118506
6138545761
6115753616
6078523342
5995519870
6147675673
6029483308
6040662598
6094941499
6157505731
6088201831
6106030053
6144037295
6135267899
6058451929
6146819429
6147826713
7343515569
