6150249912
6140775326
6086209805
6040675367
6146647696
6149061049
6146992557
6145908827
6097862975
6154684800
6125620519
6036356840
6057044896
6126178515
6146938344
7416996662
6033892509
6116727688
6033078626
6068264941
5965375726
7343602612
6121239393
6109735252
6021760959
6026945595
6148068345
6149456211
6075777439
7431765426
6133685370
7392878710
5988876957
6141679063
6066099385
6128455519
6123927582
7429338615
6145194921
7433662386
7433662450
7410770608
7435639476
6156958858
7408532276
6152209100
6148986581
6109507026
6148841065
6112544378
6007977608
6075451689
6108550296
6074441501
