6139094056
6157411395
6157821064
6121892669
6146610878
7398990775
6024690697
6086579950
6125624132
7336497847
6041041455
6055020011
6139423319
7427990320
6147487678
6116250718
6057912596
6072102151
6125891732
6127227787
7331270641
6118756316
6131164832
6126605359
5425535923
6153899526
6087250250
7413192311
6148326792
6103944935
6154746943
5997058945
6135485260
6035074368
6085961385
6156251789
6145859438
6147763021
6122934092
6127753628
6117406378
6151361023
6156165895
7412086519
6020131431
5966581950
