6149020944
6086972162
6148989970
6077371464
6141070916
6149030969
6064339735
6079042592
6148934355
7428822517
7433607474
6059355995
6151584647
6119210401
6155449291
7352145910
6103764679
6115662160
6142076394
6118994667
6149746232
6079515012
7433366390
7350658547
6061106389
7423884978
6093714703
5463182880
6114512639
6129049107
6117572231
6054685846
7411728241
6144373785
6070661496
6149430931
6125711746
6127201618
6121239393
6120283287
6070559017
7357446518
7350398768
6148959061
6038023013
7362935285
6044016617
6129256279
6154624641
7432641204
7293846068
7315547505
6152618629
6141433193
6149691972
6123927582
7435375222
6129194753
6039105736
7429089138
5967566622
6146379283
6155392199
6054501998
6146895973
6147302252
6151673211
6148958997
6106171811
6147181396
6146894629
6149608730
6023135086
6021493868
6148218979
7408532276
