6145231102
6119345635
6143642518
6141908123
6146576223
6151584647
6109983137
6115662160
6147489814
7401257713
6146424482
6157747084
6123078752
7354208116
6143061688
6056600135
6140941589
6021760959
6018646993
6081346654
6138876328
7424369911
6148906069
6093418594
6109776849
6150521692
6154559809
6124264937
7325741555
7285342321
6141664676
6106471517
6144923050
6095010450
6099189835
6155564939
6149425491
6071465758
6084315644
6049185796
5969531430
6081598667
6115188557
6144791234
6058230738
6155565579
6147122017
6155560843
6155559883
6125571974
6071394745
6045720815
6101408618
6059565119
6142200802
6076136799
6072606850
6070302733
6123727059
6136396363
6060121895
6148244707
6133264935
6137225734
6093036501
7408532276
6021141290
6105426412
6155001545
6146883621
7431311985
6125044250
6142964505
6111031753
6154981120
