6143289763
6040675367
6115512238
6147219628
6130622368
6124035514
6126417110
6151373699
6115662160
6084967816
6128949193
7427019381
6067649288
6149642707
6005085511
7350658547
6147227306
6150406460
6146256573
7424369911
6070213225
7428353776
6019750563
6109735252
6153160768
7398709748
6098788135
6147123368
7352681713
6060427241
6153486086
6123927582
6149651613
5995268294
6151317693
6124399203
6010339616
6147916985
6082735150
6040026070
6124163881
7389145591
6126533099
7402988400
6153164987
6058039406
