6156028571
6153785125
7432774448
6143581050
7436209907
6151578716
6129021869
6149686863
6152485919
6142271374
6152978113
6148166872
6147070627
6152721565
6092516830
6144613994
6157602888
6160273340
6155218590
6142903506
7401222259
7435185268
6158871228
6153861224
6157206712
6150099922
6148432221
7431830710
6099975068
6068400854
6163341773
6156250974
6161994886
6154005266
6151601314
6156215059
6142411693
6069651875
7427021687
6011879442
7374367095
6145487661
6128008171
6137947850
6153018082
7432770160
6155264361
6155077088
6033902240
6152604200
6148074089
6162934087
6133735572
6149443286
7426636336
6162022347
6158384205
6153843673
6144298079
6150879483
6160121666
6154315520
6145061116
6159542017
6161574477
6109835066
6136499711
6107303407
6159621825
7436356659
6148051563
6130609798
6143970218
6139122126
6155757080
7429746741
7415115508
7435223921
6153481005
5996165189
6155621693
6118664919
6126489414
6158721608
6154108830
6163777796
6166199052
6071884738
7438158513
6103187414
6157246959
6104554915
6161973510
6126385948
6130511585
7402078519
6152889026
6155055238
6152289114
7437308595
6155089641
6161547661
6124857301
6156599672
6154778851
6127250661
6118327445
6152040578
6152923674
6121532826
6145700972
7438298097
7442100534
6148354701
6153494025
7442096052
6142304158
6149598465
6147882670
6138291012
7427130547
6154238846
6161645839
7405964085
6140250145
6147586794
7441673972
7428642996
6130539940
6122457643
6139358990
6154859823
6145459782
6160907015
6152559442
6153905133
6144931297
7423931250
6148387328
6157262717
6157436232
6122230955
6154305053
6141940257
6153404387
6144344558
6127191442
6134609738
6159553666
6141899558
6150288253
6122286681
6091779866
6153338121
6142983634
6153512431
6157434301
6146448548
6152222225
6149259286
6155813369
6146176876
6121011043
6073015066
6156095046
6125896032
6146797739
6121956062
6123270219
6116404961
6136275981
6081410117
6155376719
6161968326
6124528196
6163609357
6150720702
6125141098
6157191032
6155808577
6161838601
6155453432
6155001365
6150523685
6157045000
6143642518
6114245991
6151404601
6161981385
6065562068
6159154691
7437915061
6119960167
6125476412
6162786573
6150961688
6152044835
6162625612
7441650420
6146337453
6147921831
6150897625
6071593146
6153997523
6148956133
6090420837
7436343287
7430631412
6150821822
6143516204
6158226060
7413560564
6148986331
7435774961
7436340535
6154120225
6151724049
6156045533
6039137834
7394516790
7426187767
6058637150
6153890266
6058161061
6118473155
7436579699
6156027712
6156899140
6150361365
6069025553
6147916246
6119836802
6126225621
6111114463
6145878462
6054929391
6146391705
6152304281
6164403459
6150060909
6154850336
6155149472
6154305315
6140806036
6143813380
6154772323
6155031002
6139115532
6144633852
6154449465
6151223979
6091120341
6154058761
7390143671
6157755905
6156762205
6147972190
7429489073
6153003284
7427200112
6155420883
6162669194
7436734453
6157391882
6138326432
6149281112
6068799897
6151584545
6069155270
6119924170
6152261971
6161177863
6144483111
6149038566
6055969508
6147164631
6126958203
6155745935
6149748335
6150984988
6148259878
6160129739
6067662533
6150419617
6091093477
6144591609
6153769189
6061995680
6162140799
7321548787
6158322306
7423958773
7389261047
6152073642
7430258549
6132920252
7439686134
7439532724
6153123616
6138771006
6159490555
6150945465
6164804616
6099957611
6149281258
6103358117
7431704625
6155244489
6148461420
6154896661
7434880631
6131942575
6132048575
6093477787
6115909039
6147920093
6153220119
6156870909
7411483056
6153431120
7431772913
6137614666
6162093120
6153094034
6148338463
6122354323
7426817973
6140503209
6150232664
6086669083
6091648232
6076671687
7437447091
6141514186
6133636805
6154682450
7439703349
6146647696
6161679750
6145425494
6131585431
6143684944
6076698580
6087562636
7436375089
6156041961
6155333762
6104364013
6152882986
6152059769
6154144919
6087575328
6152035178
6162101069
6157006363
6155977288
6165438094
6154104227
6162012751
7437323059
6156994171
6145761442
6081212600
6121813532
6139847052
6073972354
6146109476
6110523860
6159447617
6116119085
6149014533
6156030098
6152563741
6109491008
6077554936
6139798124
6151822742
7377278322
7360342068
6158759611
6166382156
6151855641
6158835215
6151053155
6161209988
6156278430
6138843537
6150173965
6152533075
6153073223
6107277806
6140655709
6057757908
6162646347
6115035009
6160210431
6156052393
6156286466
6120822564
6137397870
6147627176
6154370509
6136712038
6114213191
7420806640
6157295233
6128885370
6104200162
7417043124
6150211662
6109043436
6152247526
6151936263
6148551723
6109042534
6159171269
6133218824
6125452096
6129241369
6105334239
6147360855
6120302035
7438320054
6120949797
6165762316
6156171705
7438367985
6124290001
6153324268
6152114734
6154422831
6117853918
6148737235
6152734497
6141330878
6157959427
7409954613
6133452863
6128694294
6153790614
6150457480
6063831696
6150113743
7440176690
7436627510
7421514678
6160526338
6161624521
6156185374
6155693715
6155973592
6141908123
6153054182
6120741161
6149030969
6147269996
6126025965
6060231894
6063163270
7380212913
6144902266
6159477769
7436657459
6153734372
7440413686
6162086079
6156983352
6153121169
6144735847
6160270606
6123203290
6154568064
6114412264
7424110193
6161461569
6164548739
6163811464
6159223433
6154182036
6108726762
7431316277
6118487851
6154850073
6084945796
6118083239
7434292659
6161726854
6144359725
6153525858
6149244069
6151044188
6155140886
6142423225
6127723586
6118769962
6162003968
6159686789
6109241750
6137047599
6154604601
6154244580
6156054633
6147144985
6156967932
7442880820
6160437247
6156932701
6155242247
6132479068
6156692443
6153047531
6158415932
6156103407
6156951419
6166487628
6162491143
6078196069
6153300322
6148357522
6146859385
6156651101
6149559640
6162725835
6138657515
6156028114
6144354855
6132407006
6164199428
6155994643
6156686933
7438002099
6156028571
6156251024
6158108444
6164530573
6078196069
6154992935
6147291585
6119824097
6141940257
6145734510
6128398791
6159553666
6148737235
6141330878
7401222259
6162629183
6152059769
6148551723
6155994643
7436823731
6123099022
6156052393
6109383898
6113848788
6160646140
6125476412
6139798124
6145761442
6154794351
6154682285
6140641127
6130335843
7437918643
6153763451
6099957611
6071593146
6154182036
6145370834
6147144985
6157436232
6154571937
7415115508
6152604200
6149014533
6140806036
6147715231
6132841953
6153010001
6156951419
6142804526
6155608767
6074536794
6142734997
6157511259
6129840044
6154746023
6154847719
6138119083
6091093477
6151596152
6155526489
6060499101
6153559650
7439020849
6124484393
6133708984
6153734372
6155362144
7441365878
7435654448
7430432881
6091779866
6155813369
6104764584
6147481245
7440122229
6145962414
6162209417
6065450147
6162828159
6125452096
7406649075
6153018082
6126951250
6151373699
6131585431
6103184807
6142411693
6161547661
6129602095
6151593313
6154427545
6154765345
6109852126
6151356934
6146640407
6157065811
6154249322
6155147677
6157735802
6145627450
6152304281
6151684157
7426636336
6156983352
6155497415
6150102936
6148259878
6149259286
7440034037
6162658319
7436892278
6156246912
6153512431
6123069966
6128988870
6145930925
6147900624
6125342564
6153453082
7323286261
6154032282
6142925314
6164108106
6156630866
6166355276
6152481925
6138175884
6145960047
6155533003
6150724801
6155621693
6111669152
6148136156
6152997988
7432226802
6165587592
6151223979
6146814165
6141085926
6151309019
7376103477
6156514281
6162608841
6166584332
6149112028
6154522986
7436836919
6149445654
6164182730
6095286061
6148731617
6153455334
7412311858
6157690844
6097193183
6158415932
7404964663
6162012751
6139458342
7419078320
6162476047
6151080041
6157755905
6120456778
6150040623
6161102081
6154618600
6150775332
6151404500
6155757080
6157865029
6150897625
6157044317
6149509355
6148577628
6115642257
6148543517
6157391882
6120276419
6162941636
6150113743
6160387131
6154839494
6164804616
6164205389
6154367596
7431316277
6137614666
6166656716
6153324268
6155808577
6162934087
6156870909
6149460234
7431772913
6154329689
6161178316
6152563741
6149535331
6164199428
6157006363
6152868924
6124847290
6102584081
6150945465
6154305053
6147269996
6140250145
6158730493
6143516204
6133735572
6153483805
6155882199
6138771006
6122958724
6135810310
6129487909
6157959427
6156525919
6127516265
6157029319
6156529360
6133761103
6148170222
6146805088
6156257109
6125451912
6120649064
6154976280
6153220119
6155955859
6147686508
7423931250
6156670616
7443382004
6107544618
6152734497
6104364013
6156619922
6156627330
6153071458
6154884641
6142304158
6147921831
6156683406
6099954982
7405964085
6139358990
7438320054
7439493428
6142985239
6147070627
6155625695
6156777299
6162101069
6157096639
6149091485
6146337453
6148711875
6122286681
6102793728
6126385948
6152519038
6149621915
6152977618
6156932701
6156013065
6143296301
6155236990
6066798179
6146692971
6095773522
6156286466
6160685385
6152695845
6121226965
7441222130
6156757370
6118230254
6153950857
6162070285
6161997505
6077932090
6150026282
6119186601
6157804719
6145425494
6124857301
6155294294
6154850336
6155044305
6149347908
6162669194
6117189952
6126694098
6129369833
6162086079
6155108606
6135490763
7438921713
6154576423
6130133190
6158040687
6155353022
6154630398
7441294130
6155612182
7424237425
6150064802
6157514817
6166382156
6154747879
6154562728
6147988907
7439763317
6152463228
6141908123
6151980930
6154104227
6155735446
6128492478
6144679335
7437072177
6153785125
7435857200
6115909039
6154589928
6153810748
6153679313
6155620441
6152390119
6162200196
6144848081
6162657359
6155745935
6157580216
6159011401
6084945796
6153596520
6064579502
6150973270
6140612126
6109241750
6088815402
6154778814
6156735312
6153405598
6153773730
6156266895
6158521807
7442675892
6157970040
7438005045
6155030875
6149409939
6153360806
6096485972
6164915524
7435223921
6146922274
6164330573
6120741161
6142913175
6114768021
6150720702
6160292687
6152127440
6143711460
6148432221
6156980538
6078893841
6166671756
6090420837
6147862760
6120584878
6150302077
6162171655
6066475259
6156182928
6157971591
6153694190
6139627049
6154335653
6152114734
6148074089
6155144023
6120779670
6147360855
6152342882
6147564116
6123203290
6145099559
6156994171
7437548469
6152954391
6151525092
6162676870
6143645976
6147079001
6159255557
7443143606
6123643093
6157876424
6156433631
6156741845
6160526338
7430258549
6155518681
6125290924
6166086478
6162093120
7442096052
6149268251
7443143990
6157779642
7441375026
6152721565
7409954613
6154382881
6144902266
6161277710
6152589144
6152946520
7427640054
6153857704
6143581050
6104274007
6164434765
6152090605
6155772828
6148217365
6156388729
6150524070
6057757908
6147712169
6166720526
7439532724
6146784659
6134609738
6150998599
6117929679
6083077573
6147973205
6156597497
6150821931
6157544314
6121433740
6131393336
6154144919
6151832920
6162749135
6154682450
7421068723
6151427874
6063831696
6145061116
6114517807
6162096010
6153334499
6157978936
6118327445
6154594400
6160150599
6149158932
6134031353
6138795869
7441132850
7443409716
6156095046
6154013574
7438634353
6151675667
6154488033
6157190840
6132142797
6160121666
6150663659
7438876853
6154647080
6161117199
6132123976
6137044773
6137729737
6156028114
6068598236
6155142782
6121842898
6156777048
6152952252
6153832036
6140503209
7439748916
6157890552
7430896114
6157761218
6162870335
6163328331
6115415979
6102777302
6144298079
6149489304
6126478526
6156926138
6144344558
6132806287
6132067734
7433517747
6146859385
6152442730
6150984988
6150565632
6087575328
6158959051
6134742211
6144953260
6162282047
7434353841
6155333762
6115035009
6090336866
6162087567
6147920093
6151572162
6155083111
6126489414
6144581014
6116681092
6137595979
6149281258
6156029889
6104200162
6164573773
6145923680
6152882986
6153325451
6164997764
6155863322
6150523685
6121989017
6162633156
6127066660
7413712566
6065562068
7443083254
6155670575
6123344543
6136712038
6157116446
6154709668
7438367985
6146299551
6157395803
6116242093
6147586794
6153771758
6137905033
7435185268
6095910600
6156758906
7400984752
6113068395
6156932701
6147144985
6145627450
6154765345
6148737235
6157690844
6154589928
6156619922
6155236990
6153455334
6142985239
6157804719
6099954982
6156741845
6125476412
6074536794
6159490555
6164205389
6153800558
6148098729
6162657359
6120584878
6103358117
6162379587
6151584545
6155582237
7432770160
7437024117
6119836802
6153688220
6140655709
6153745772
6086300371
6153769189
6058637150
7436579699
6058161061
6155864076
6155612182
6156870909
6163227790
7390683760
6157029319
7402625399
6154144919
7441250162
6138465992
6155813369
6117929679
7432226802
6114213191
6161647822
6056818334
6065956128
7356209973
6096657720
6069143403
6106848164
6153793125
6142524898
6153220119
6152035178
6135496591
6152721565
6095286061
6156502493
6110186581
6120741161
6152090605
7435314544
6145761442
6155142782
6095451810
6153054182
6151343854
6099957611
6133675725
6153097553
6144483111
6155121875
7426187767
7426636336
6151593313
6134742211
6152563741
6151356934
6155108606
6122354323
6166720526
6151572162
6149281258
6149289890
6152519038
6148217365
7419078320
6157143891
6164403918
6147692734
6156674453
6064850142
6149287160
6151854294
6155420883
6153659942
6157841592
6156028571
6162800015
6154824210
6162669194
6156786911
6127516265
6156328536
6154778814
6058769658
6129840044
7366954101
7426141297
6156337849
6121575269
7357160880
6154058761
6157700380
6157436232
6159255557
6155745935
6133735572
6149445654
6156251024
6151936263
6157959427
6159627584
6147862760
6066798179
6140250145
6157920959
7432059893
6144848081
6090311545
6164997764
7408557811
6149967894
7396201398
6077908172
6033902240
6145396152
6149087901
7442538486
6153911006
7399682613
6124266628
7395982390
6155757080
6155333762
6159477769
6166656716
6154571937
7443454836
6155969571
6128694294
6125893644
6154616229
6154403007
6140813080
6156215059
7436862838
6109835066
6086828888
6144610835
6149778026
6154032282
7441222130
7431316277
6116119085
6162629183
6148166872
6152059769
6154794351
6154702636
6164548739
7404964663
6155030926
6155510819
6130189719
6163436301
6148681063
6149303087
6142411693
6079986311
6131585431
7389572657
7443157942
6153875814
6145370834
6155757080
6148956133
6152977618
6149445654
6124857301
7431316277
7423931250
6153220119
6154200637
7443382004
6157436232
6155864076
6089014701
6162086079
6147988907
6157045000
6105130681
6156757370
6156619922
6141330878
7402625399
6142304158
6151675667
6147921831
7435223921
6127516265
6135413453
6087575328
6123099022
6150922941
6146814165
6156052393
6151164633
6125476412
6154382881
6156234055
7435654448
6158108444
6117239078
6154182036
6156557312
6155218590
6155863322
6155608767
6155236990
6156627330
6155720598
6153121169
6120316478
6158835215
7424110193
6165438094
6134717470
6157804719
6160121666
6157006363
6156777048
6165587592
6155327638
6126385948
6074536794
6099957611
6147645336
6157116446
6159255557
6154976280
6155518681
6118327445
6166086478
6151356934
6148136156
6152882986
6149347908
6157690844
6156525919
6156741845
7428502640
6126557194
6154738526
6138119083
6139115532
6140082278
6153758826
6164539524
6157735802
6155808577
6161117199
6156870909
6091779866
6162629183
6157301277
6149509355
6113342569
7432673652
6154616229
6149967894
6132142797
6155352470
6154576423
6154013574
6150254235
6156286466
6151343854
7441166258
6151584545
6153040731
6156948236
7438005045
6162625612
6163227790
6152304281
6155333762
6154992935
6151277535
6147079001
6166671756
6154622522
6150897625
6162070285
6127491584
6138795869
6077932090
6095805176
6162200196
6162657359
6152090605
6125451912
6166656716
6166420494
6155612182
6150775332
6138465992
6130069337
7409954613
6143645976
6162749135
6156028114
6159553666
6141940257
6162838918
6159525120
6103481322
6155940963
6163387531
6145761442
6150026282
6162941636
6114517807
7437192820
6160526338
6155294294
6164530573
6162934087
6157402138
6152338188
6113792512
6147882670
6155108606
6095286061
6163791048
7437323059
6161593087
6084625039
6099954982
6154568064
6156257109
6103184807
6154247524
6145459782
6156686933
6156761082
6160292687
6147144985
6152059769
6149091485
6140806036
6129369833
7438320054
6128346252
6128988870
6137905033
6113577189
6147627176
6154422038
6137780545
7410141364
7396201398
6155502672
6068209940
6139985804
7430650162
6149112028
6159477769
6152604200
6153300322
6155083111
6148543517
7434353841
7443143606
6132479068
6109241750
6155030926
6156433631
6109252989
6167030604
6154618600
6067298671
6071593146
6153359958
7415115508
6122970720
6156932701
6155891535
6102562135
6154109001
6160685385
6066798179
6137595979
6151223979
7432226802
6157511259
6039137834
7438921713
6071483812
6153325451
6149621915
6157063108
6158336860
7436862838
6154922068
6128885370
6152085624
6164991054
6129602095
6157950907
6152044835
6134609738
6154455341
6124899758
6146922274
6104364013
7435944176
6097193183
6126489414
6153293843
6140641127
6068799335
6154973268
6131907521
6139458342
6162209417
6155146983
6167092620
6151593313
6157224723
6086972162
6142985239
6158057720
6149259286
6159627584
6156980538
6127066660
6151980930
6067662533
6162788294
6166382156
6110898193
7443409716
6153992941
6154518309
6149489304
6115909039
6156818425
6154232943
6145923680
6153838446
6143581050
6078893841
6156786911
6148259878
7441433394
6163984200
6154305053
6152997988
7440459957
6153453082
6115035009
5996165189
6158959051
6104364013
6155023193
7441375026
7435223921
6149091485
6153596520
6147269996
6153992941
6154658243
6102584081
6153325451
6149621915
7378162993
6077202233
6150107432
6158244207
6058637150
6157600125
7438196915
7371838838
6048132568
7443343478
7443157942
7394516790
6155203879
6157299011
6157938874
6156898901
6152780776
6154279567
6115909039
6156493837
6156870909
7441381106
6156906873
6166086478
6152390119
6076819945
6157661021
6132841953
6127491584
6147481245
6126694098
6163638604
6158522827
6144438266
6160473915
6160685385
6124847290
6158730493
6125451912
6163984200
6156095046
6160910011
6077932090
6151343854
6125374089
6121813532
7437072177
6118327445
6090420837
6140806036
6152458773
6146814165
7413560564
6155387543
6142411693
6157763291
6153869721
6062320447
6096648144
7427885553
6142524898
6110965438
6011879442
6091423036
6133708984
6150775332
6147144985
6148074089
6155518681
7369276277
6091779866
6166671756
6099957611
6119910329
6154551546
6154403386
7426141297
6150657857
7436375089
6133452863
6158322306
6153997392
6153659942
6144307112
6144931297
6156557312
6149967894
6151964779
6162633156
6157006363
6150922813
6155285406
7426187767
6154658600
6152857737
7442334902
6069453248
6156028571
6158521807
7442675892
6149347908
6147070627
6154169472
6150821822
6154104227
6067662533
6146647696
6154449465
6120741161
6154175169
6139847052
6118772372
6163270922
6118629349
6153596014
6133517640
6139956635
6154229649
6154136665
6157436232
6152604200
6154518309
6150920134
6146640407
6153022226
6154917805
6154394467
6154746023
6145761442
6119374929
6090027792
6157755905
6159621825
6157167134
6162887116
6142735448
6119836802
6127591357
6162912012
6164093763
6159011401
7421514678
6142903506
6092516830
7404964663
6162856582
6124858365
6146229486
6154783018
7380212913
7396201398
6157700380
6159594053
6148537597
6164581453
6156932701
6152304281
6151593313
6154765345
6155864076
6155764825
7434353841
6160121666
6128694294
6156860985
6092025936
6125476412
6127066660
6121743589
7434228209
7432076784
6145365203
6126327621
6124857301
6160869691
6132390677
6148737235
6152035178
6153758826
6146492283
6150687228
7420407664
7442357878
7433560436
6107277806
7429746741
6155745935
6139217662
6154571937
6149445654
6151525092
6155863322
6154109001
6154562728
6147882670
6158227311
6152734497
6157690844
6155236990
6060533536
6150769658
6157286875
6155260007
7441433394
6146048803
6167092620
6068799335
6093599161
6120689950
6152073642
7405096176
6150897625
6162086079
6157176645
6122295314
6152059769
6119824097
6148551723
6156980538
6160453313
6151980930
6148577134
7432226802
6124666732
6155121875
6138707029
6058161061
6156186967
7432770160
6156948236
6157655100
6154772776
6156013065
6146922274
6151675667
6154747752
6144354855
6157959427
6156741845
6162657359
6076082008
6147151727
6154382881
7428124209
6156234055
6153405598
6079505214
6148051563
6079986311
6086300371
6159255557
6152114734
6146859385
7412311858
6155630560
6061035038
6160895547
6154778814
6165454403
6136031114
6147652896
6114439302
6156937544
7443414068
6153220119
6155723969
6161312002
6154751144
6154455341
6143581050
6163502731
6152092433
6070669358
6162930249
6121116898
7441582066
7400097073
7300520689
6155938514
7439276593
6133735572
6156786911
6095286061
6156992202
6159553666
6148414446
6153838446
6072965642
6151735009
6138119083
7437192820
6058769658
6162935695
6124659329
6077908172
6108330722
6073972354
6155294294
6153585966
7426636336
6130069337
6102562135
6153855470
7441477682
6150113743
6151855641
6156777048
7439889525
6156286466
6125896032
6074536794
6151164633
6066798179
6120276419
6157004888
6097862975
6071593146
6153585966
6157950907
6155107586
6124857301
6104200162
6153455334
6155023193
6092516830
6163502731
6153838446
6141330878
6164919172
6159553666
6147862760
6152059769
6162070285
6152390119
6155621693
6125476412
6120741161
6126557194
6163638604
6074536794
7439889525
6152090605
6125896032
6076082008
6155772828
6151164633
6154315520
6144613994
6160121666
6068799335
6164330573
6150113743
6156286466
6114412264
6153734372
6153359958
6154335653
6156028571
7441222130
6159255557
6154571937
6164539524
6155863322
6154562728
6156972952
6138823531
6162282047
6155764825
6157661021
7441477682
6150565632
6162669194
6119824097
6162012751
6162658319
6138795869
7441433394
6148098729
6124672198
6165509955
6164205389
6099957611
6151717179
6146859385
6154765345
6156897880
6095286061
6162051723
6165068420
6164915524
7427278839
7435223921
6157063108
6151343854
6143573654
6160453313
6117929679
6157804719
6157568698
6154616229
6167092620
6155260007
6154756904
6136031114
6162657359
