6148876536
6136889315
6133467707
6138291012
6146169353
6144299047
6149786301
6061239060
7407748660
6050461921
6157032586
6143670203
6126178515
6115662160
6094046722
6132591109
6084967816
6050189997
6153424636
6149842397
6079504336
7270727347
6148269984
6146102062
6095682425
6149017577
6104794136
6053602641
6025771601
6148839098
6059338581
5990727630
6117804601
6148513117
6155114569
6109922844
6151200509
6129189417
6159130638
6147008744
7430402099
6063122520
5984601605
7435710836
6122497995
6090735676
6144791234
5979936023
6069723086
6069746619
7426040119
6147274836
6147743613
6140502766
6148269664
6027281560
6029053051
6148409763
6148120854
6139756449
6157678019
6147109034
6157351620
6076136799
6119813290
5458430309
7388771189
6159006222
6052851998
6031658498
6112544378
6060853371
6149058709
6039864167
6028416225
6149093343
6144037295
5970976520
6148000729
6021493868
