6154518309
6149489304
6154113445
6154922068
7415115508
6115909039
7431316277
6147144985
6155864076
6156818425
6154232943
6145923680
6153838446
6151217455
6143581050
6078893841
6156619922
6156786911
6156757370
6086972162
6124899758
6104364013
6149259286
6154352783
6156028114
6148259878
7441433394
6126385948
6163984200
6099954982
6074536794
6167092620
6154305053
6152997988
6156777048
6149967894
6156286466
6125451912
6162209417
6068799335
6156257109
6154616229
6164205389
6154923044
6142734997
6147586794
6154756103
6155172808
6147972190
6157697691
7427200112
6134830654
6115889770
6158322306
7442334902
6155814942
6121813532
6152780776
7432581168
7426141297
6157167134
6162207684
7441349620
6128608595
6055114158
6033902240
7395871025
6153368983
6164580227
6152533075
6164011011
6152198551
6149932124
6098042682
7353357296
7420102263
6148102592
6157804143
7436899383
6156790907
6057385794
6154634713
7383507952
6154602911
6146832710
6152528750
6138846509
6036260095
6078235884
6140641165
6155083738
6165235651
6125305218
6129904483
6129481117
6135792844
6164643395
6147736725
6115520702
6075765642
6158912320
6162246990
6148703966
7435181367
6125352426
7352481968
6156025277
6145550912
6142083099
6155180741
6100985417
6116633094
6071608975
6058981478
6052568665
7431893874
6130241560
6152730522
6152171435
7442563382
6166988428
6058977241
7437029751
6020719132
7441457906
6155875837
7303681394
6101872521
6153266141
6163206276
6742959413
6156630075
6162260481
6141885354
6152271842
6155120784
6111108295
6153430373
6077191447
6058812452
7437235954
6067111751
6157255900
7429376436
6158408259
6124561128
6148595686
6043299512
6122562427
6134165473
6151835754
7406852530
6163405195
6125233478
6142908323
7416027702
6153825454
6156330195
6147431647
6131913028
6167097228
7435480496
6155137873
6158937917
6156701339
6136207817
6155108588
6114675016
6144019415
7439172913
6094143631
6163821133
6152403300
7351383731
6148184446
6060158018
6156438238
5990727630
7404490996
6157816668
6145807637
6106869132
6118142683
6073546345
7356868529
6150336572
6157699777
6099189835
6116240930
6130493844
6154373407
6143238417
6157010014
6147849799
6154473001
6156242396
6028631835
6131494975
6157841530
7360584497
6153787884
7321132980
6070003721
6164996424
6090812205
6150244252
5452531542
6070667973
6151798921
6139308372
6057005612
6154161695
6073988626
6155234942
6096881311
6154593293
6154285026
6161544008
6053221628
6151487392
6141664676
6134316860
6155313726
6155824918
6019943433
6149766041
6125527120
6154489309
7272235830
6048336194
6148096707
6142267877
6080137215
6141231448
7411434038
6073828615
5450746026
6154621916
6125502779
7435947376
6145382759
6148074903
6070436975
7357578736
6062186770
6134267724
6065112394
6139649632
6143307310
7315547505
6088987751
6098117179
6153651043
6155327416
6050136716
6137159850
5993406747
6158936957
6154837162
6125936830
6113493307
6064424057
6128379704
6145201321
5461451043
6032548517
7435621175
6165060558
6137335231
6065626686
6109768045
6138306662
6089636892
6106018653
5435303308
6106776161
6126236112
6150726930
6058412454
6116260652
6119028503
6055868759
6154161249
7384353907
6164175047
5966309733
7417869495
6153884264
5456898598
7441686772
6040662598
6125566293
6132977720
6124143139
6148218979
6160256508
7431381237
6090741998
6107724519
7263185207
6156872920
6153921579
6148598083
6080567316
6126850644
6077690666
6104169489
6100839341
6116353255
6157763770
6153920171
6157766107
6102188437
6149999480
6155825750
6132085258
6164591498
6139998856
6163007043
6069723086
6156516302
6088591898
6125029448
