6118487851
6149958728
6149112028
6148737235
6118738223
6109383898
6146007892
6115909039
7385449907
6150630350
6102516424
6077445529
6077959432
6155209539
6104913642
7411025267
6109473408
7391246707
6099392527
6141035437
6151224892
6121006786
6070279417
7335023991
6062141658
6132884109
6129904483
6148537597
6085584103
6148386650
6149127517
6140291664
6158978702
6114768021
7431271473
7381031030
6142289903
6059015335
6126178515
6125825417
6110744712
6152059653
6137920649
6126975969
6147884870
6147434682
6130634365
6145189350
6112701468
6140279782
6152561221
6118316909
6145807637
6147653820
6073538133
6155507723
6031902151
6104574622
6054934630
6134637702
6148117091
7392493745
6155064063
6045484069
6147572189
6146747231
7429225139
6152873212
6148734301
6145467673
6147904873
6126097361
6119900321
6124789176
6122713690
6070601979
6116467608
7405847152
6148736761
6146386273
6147647810
6113571450
6033078626
6021760959
6117517946
6141036110
6148568184
6013097051
7417927473
6102070371
6125509371
6147061947
6148856041
6064233048
7421624241
6147589150
6063393444
6070559017
6065557997
6053321184
6075713665
6032464217
6061689979
7428088560
6127261128
6115188557
6039969553
6142053266
6124399203
6052271657
6133776904
6128137963
6152343877
6149376019
7425115571
7345168053
6144791234
6050094154
7293298293
6121228054
5441771182
6106018653
6117223454
6143408299
6145309821
6146860136
6146015275
6144635690
6136396363
6157192836
6136302440
6149691037
6062668483
6072692183
6125720644
6150133432
6056939556
6146914221
6061568575
6140749398
6147229415
6159250636
7418909879
6150084508
6148950751
6080689516
6021493868
6148848105
6158980878
7409609524
6149691229
6128241150
6157952136
6144037295
6068765578
