6137491430
6148688904
6146544099
6125738116
6064339735
6144359725
6149073240
6058637150
6122186856
7432251764
6079888732
6035764058
6029414238
6138372710
6107126013
6113325261
6133578529
6149947227
6153753279
6092449771
6138951074
6115156968
6126866253
6039451019
6152950779
6120404774
6106237241
6145386989
6143331006
6033498219
6147620847
6056894864
6145357416
6121239393
6027754121
6146517098
6025771601
6129300139
6067467286
6071326522
6125082264
6029163436
6127303115
6056742539
7377381361
7385107187
6078363087
7431338933
6151677122
6148056406
7426028019
6075777439
6146222548
6125790456
6076438534
6060995068
6149651613
6148965013
6155023753
6123450838
6123927582
6049918268
7399224055
6061529488
6155543243
6105426412
6150425536
6151673211
6041762687
5966581950
5998110252
6153372162
6141921155
6155392199
6049192387
6159295820
6143257579
7408532276
6079589974
6155116351
6148965461
6148924201
6062875666
6082735150
6159006222
7429220343
6146012590
6064049182
