6155294294
6153585966
7426636336
6161838601
6152604200
6154571937
6133735572
6124857301
6155863322
6130069337
6102562135
6155236990
6153855470
7441477682
6095286061
6156992202
6159553666
6148414446
6153838446
6150113743
6151855641
6099957611
6156777048
7439889525
6156286466
6125896032
6147269996
6145761442
6040675367
7437192820
6074536794
6153405598
6151164633
6066798179
6120276419
6162657359
6102584081
6157004888
6108330722
6097862975
6158244207
6146808295
6134028681
6153073223
7420407664
7426187767
6154279567
7344258999
7433560436
6155938514
7443343478
6144610835
7403604850
6058161061
6154985700
6152780776
6156898901
7431221495
7371838838
6157938874
6118066156
6162696006
6132667649
7353357296
6155425696
7323443125
6148205343
6156554898
6162889034
6157819960
6065881069
6116987605
6128431073
6138341219
7438301619
6109801966
7434130935
6159899405
6157445853
6110523860
6150099754
6164272391
6079112224
6153463252
7437678582
6110247210
7415530230
6129904483
6157127827
7439192948
6130241560
6151644121
6132860625
6150532903
6020719132
6163889290
6093466320
7437029751
6156564201
6158211759
6065754500
6154808108
7435181367
6153292350
6100982829
6147480147
7441057970
6123078752
6061511206
6095422425
5994310397
6101872521
6157006488
6131947102
6103162331
6094515938
6121701476
5447578325
6117350624
7407975603
6119988561
6140279782
6149190885
6156242403
6145275942
6135377925
6160479621
6075325996
6147856121
6144332588
6155180741
6154876973
5428204441
6157154974
6153631967
6048903245
6038385388
6160864508
6163398732
6157164664
6100869550
6126120963
6110786841
6161279682
6133821065
6040119514
6136207817
6061070555
6160499265
6048851329
7436516212
7390176496
6154895085
7406614004
5991320914
6044804221
6146010029
6156330195
6118176426
6161890443
6147431647
6157005144
6165203204
7441587890
6157873114
6055179748
6157700253
6151206139
6155813270
6143934816
6153730918
5990727630
6098559811
7443458292
6145736016
6078517335
6093418594
6154996820
6120077160
6151987646
6162329983
6159813838
5970353980
7352681713
6044895776
6150070248
5996136261
6156464670
6026907734
6149180230
6062443437
6147909222
6142752917
6156647061
7373330804
6126043629
6158112269
6162925002
6031880283
5967319610
6106139605
6153787884
6165180556
6005158795
6058647995
6076063517
6091285004
7430747125
6151477258
6003643610
6143079837
6104426838
6059824349
6154366873
6155901398
6088272783
6045847879
6155153273
6163971588
6167232524
6165447299
6151842622
6152455839
7437267895
6095078935
6154084582
7305071927
6167230604
6107898321
6156378650
6156233879
6165947592
6154170071
6163804746
6134267724
7443154678
6107034508
6065647332
6114542242
6087787486
6105966483
5435209659
6148836887
6158559880
7245296119
6152589592
6010746707
6149442605
6046128231
7355780660
6156959673
7436923638
7440564405
6157063813
6147764589
6152780334
6088860951
6078835847
6065112394
6156189987
6153839391
6163549251
6163495499
6125936830
6120748141
6145873311
6060581024
6149413595
6075461399
6056060588
6164894922
6164894858
7395231158
6156892560
7418434992
6149114179
6156826281
6122083906
6122251692
6079218476
6070590869
7405207796
6155059172
6122649151
6154914529
6080137215
6154834277
6158842364
6151480185
6154366823
6148598083
6127882414
7401307248
6144288237
5450825116
5998213972
6153862182
6051140973
6143255710
6056649834
6147878687
6153426478
6070068934
5997058945
7401306096
6123708759
6070032775
6162775622
7429089138
6080567316
5430686174
5966309733
6157578685
6120697833
6112969796
6076874502
6160850171
6117924328
6082611267
6080480922
6121843457
6049820685
6154558588
6164308615
6077690666
6153971886
6163530635
6070229601
6148132525
6115561998
6162947392
6157740890
6146516634
6144796184
