6064252767
7396275062
6147477740
6064339735
6147698153
6150010250
6144148197
6111458331
6139623999
6057562984
6084967816
6114011775
6132591109
6134223578
6115662160
6061106389
6159455180
6146876112
6082707027
6131734713
7352145910
7408845936
6085481598
6147183338
6022059875
6149206521
7428503159
6147505105
6105486616
6098788135
6147133037
6050094154
7430474227
6111681833
6157429700
6153486086
6148123808
6150703452
6022466645
6150703516
6153593602
6136625005
6075737222
6125502779
7429484151
6145792725
5462564730
6147186986
6124399203
6147375834
7435787636
6040026070
7435787060
6114563193
6075234325
6012821599
6078451299
6159206222
6156494407
7294927159
