6146941925
6156992202
6132525642
6139014701
6096381165
6120136336
6120900251
6040675367
6084965804
6149632135
6155179775
6147699454
6147397650
6131101945
6139623999
6144336357
6146062493
6126178515
6084967816
7345921717
7422305457
6129848273
6144653284
6141298088
6079333386
6156668163
7407150518
6063525615
6159095758
6024072669
6149929098
6145792658
6109735252
6116517398
6078027684
6154191231
7412446069
6145596713
6146534505
6148980201
7431373105
6052842901
6158070600
6111788498
7435672500
6142029008
6148617498
6122497995
6123700875
6150265720
6149127512
6154280139
5993489474
6149123736
7428622517
6124399203
6137335231
6131132557
6120469473
6147365100
6147964249
6124426447
6141679063
6010339616
6139433066
6120974798
7409609524
6152679365
6148927696
6071163410
6079245698
5989816589
5990742699
7408532276
6078451299
6149608730
6072692183
6082735150
6132734840
6075329052
6030716368
