6153743942
7432353398
6157165514
6152944463
6146204185
6040675367
6147422049
6060574137
6155627208
6116361707
6078266727
6151373699
6033407763
6147564689
6062141658
6089314821
6059777100
6094046722
6050461921
6079515012
7316840496
6155261135
6144201903
6153603138
6148280918
6125265726
6149189781
6045800696
6155356622
6007192639
6125624132
6095387774
6104474111
6153181051
7284613105
6149976925
6116877858
6026269980
6067467286
6157052365
6148510359
6148510295
6061786705
6159262222
6157169034
6148282134
6154821761
6153168635
6149974493
6155254985
7420451696
6148068345
6105048378
6157160138
6066718942
6152210764
6149208018
7433866098
6155224832
6147139560
6125854289
6091741803
6153182011
6009396226
6123927582
6115423307
6156556231
6141056737
7428371696
6061442664
7293552501
6153648066
6098307584
6107133866
5967780004
6153647170
6079406430
6150522927
6122216456
6078091007
5443510845
6146695522
6141364575
6119579818
