6154885574
6148157463
6145908827
6147725698
6153763399
6146903148
6151681740
6126178515
7423693109
6126129083
7434576822
6146787816
6148831189
5965375726
6140085703
6081835799
6045800696
6121239393
6149800794
7432892084
6157456899
6145311330
6149817371
6119012537
6736218806
6094474874
6149793114
6154905606
6147066273
6041808093
6081292126
6157456963
6129037257
7428016432
6158025740
6115753616
6126150625
5995519870
6042647982
6138579341
6106018653
5387633329
6023135086
5968211180
6152824123
6133840396
6006653134
6077932805
7407382646
6147455651
6051119748
7418797040
6069077514
6039098269
7419156852
5997800707
6066845309
6128507818
6109759194
6111091557
6078451299
