6147672465
6136889315
6125175147
6147654060
6153668732
6109190609
6089237518
6149157522
6147170720
6147631463
6107126013
6149260649
6150281562
6153329474
6115629211
6154960321
6142927776
6127650129
6149358751
6068039964
6155474431
6149776531
6125685577
6143657669
6159651852
6124264937
6070601979
6150285275
6152967109
6139840477
6082564060
6142814692
6071465758
7403988721
6149729246
6098788135
6050094154
6138264326
6064578769
6083170854
6149263657
6147130068
7430894517
6147251496
6123927582
6148245017
6153300411
6147279725
6149309141
6149324946
5985140226
6143145696
6150857116
6157264202
6053956113
