6145573570
6110521637
6092800660
6058854750
6040675367
6145748065
6101141349
6153285500
6064339735
6131728648
6086267711
6153655437
7429136691
6076354954
6094214230
6148249438
6151806917
6106983915
6046744343
6144254374
6047364113
6150708425
6151570751
7435571252
6115662160
7411915889
6084967816
6148186511
6146666329
6132640139
6119105548
7428057712
6098169859
6152907003
6131734713
6151408841
6005085511
6069069925
6123317021
6145961509
6155760270
7343335094
6147029033
6059258810
6060261207
6118591333
6141826078
7433514486
6011980972
6140802021
6139761130
6146702813
6128888136
6033078626
6147794390
6144931902
6140085703
7309935474
6061803735
6058078137
6070559017
6147978843
6004374411
6128137963
6115188557
6046314513
7339199856
6151068605
6116449000
6122605279
6148068345
6069187156
6070888667
6142814692
6062825854
6146969898
6137885036
5462923119
6071465758
6115415013
6088216850
6121228054
6157215300
7402991794
7429269111
6029163436
7435522100
6134475138
6029053051
6070302733
6076136799
6060995068
6072606850
6065626686
6071969251
6034687048
7385107187
7351287990
6137306171
6137573542
6116774934
6150258031
6105765130
7354036532
6128241150
5458430309
6159261260
7385578480
6071163410
6054501998
6115575392
6146019877
6148905490
5463109145
6079589974
6146150014
6130376300
6150462364
6148218979
6117992707
