6149778026
6154032282
6156870909
7441222130
6155612182
7431316277
6133735572
7443454836
6116119085
6162629183
6152035178
6146932973
6143581050
6148166872
6151936263
6152059769
6159627584
6127516265
6154794351
6154702636
6164548739
7404964663
6151343854
6155030926
6155510819
6130189719
6164997764
6163436301
6148681063
6149303087
6142411693
6079986311
6131585431
7389572657
7443157942
6137680276
6153875814
7356209973
6156215059
6109835066
6103184807
6144610835
6103358117
6153911006
7399682613
6060539300
6124266628
6121575269
7395982390
7433556021
7432770160
6126225621
6124989549
6148058735
6163121101
6142524898
6153745772
6156286546
6148904031
6146297112
7405425777
6125825417
6138341219
6119509196
6156191965
6153154214
6072997576
6078235884
6120987810
7438525492
6145112670
6130608650
6141765340
7434597747
6129904483
6154669885
7441246390
6154310568
6152865172
6110247210
6112750398
6060764445
6109473408
6154705629
6159899405
6147713513
6159875843
6162775622
6048822652
7435720624
6093714703
5447578325
6154118434
6054895023
6063488956
7439192948
6061057816
6154300645
6066499918
6148650270
6155631129
6131915183
7350497847
6119127647
6146747231
6156406931
6065042079
6144762109
6093466320
6139604654
6149300117
6154792652
6156670345
6085592606
7443456628
6131285423
7439701109
6137463193
6152271842
6152187414
6154790634
6159934346
6129258276
7442563382
6155120784
6071608975
6121701476
6054887616
6150950200
6118451740
6162188939
6084971716
6152511001
6156634015
6151206139
7434748470
6157161144
6149331040
6153936971
6166301646
6115776270
6148522259
6053068440
6133821065
6118176426
7435794035
6147530091
6146799390
6153324889
6148440684
6151561134
5991320914
6054873924
6145807637
6165787848
6162788352
6160760123
7404490996
6164676682
6154952929
6155106321
6157846394
6155932000
6150110629
6093418594
6066792923
6158848573
6036989653
6154691345
6163114307
6075975456
6006006248
6057178664
6133209454
6162194957
6019943433
6153508555
6150529572
6147849799
6028631835
6162063046
6152949292
7432000626
6107898321
6162835462
6155234942
6154792426
6153477486
6159374217
6162790464
7397587959
6154670634
5999135745
6065676239
6157841530
6060427241
6157193875
6121228054
5992221592
6156694686
6113219152
6111933983
6154774433
6167067660
6095508253
6157192723
6153920294
6156094521
6140284193
5996136261
6154541356
6148218583
6128018040
6074042308
6148109754
6143307310
5977547038
6156539922
6139649632
6158085439
6154792169
6155799496
6096671691
6148836887
6152814059
5966956952
6150467156
6130008121
7370142000
6163375755
6157175099
6161560708
6162805327
6155079143
5989294788
6165036356
6088987751
7352391283
6143381350
6741399670
6105797882
6155675545
6142814692
6157063813
6137159850
6151480185
7437101623
6133501579
6140679708
6144791234
6151624461
6158842364
6153966567
6158015599
5378696125
6112376543
6040993630
6121843457
6054311259
6115561998
6038482862
6053956113
6158163272
6071146938
6157520002
5784256454
7411483575
6150256259
6157731995
6036660052
6154888458
7398552438
6154366823
6152486035
6100839341
6160995151
6113162198
6161068619
7374460019
6149216809
7380647986
7420410032
6164610189
6142877131
6156601669
6124237770
6127882414
6058925780
6162385601
6153920486
6089699033
6160759483
7433628599
6141833506
6059428575
7408139638
6152824123
6154866650
6122629627
5432268537
6157967855
6109969487
6153853776
6103874090
6158395837
