6146179512
7430422707
6154662465
6146574178
7426955892
6133581250
6134361293
6040675367
6057581800
6145908827
6062048275
6145219695
6147299348
6132591109
6062141658
6115662160
7400878965
6153781004
7352145910
7350658547
6145807637
6153071867
6054703126
6118910551
7424369911
6045800696
6132449220
6143403052
6098788135
6126252255
6159423948
6138042889
6029738654
6076290780
6029053051
6073692800
6143408299
6071969251
6124426447
6151227005
6137335231
6033118506
7428264560
6123450838
6147500951
7348287793
7366331255
6059093419
6064363498
6066845309
5463390185
6080240974
6010038924
6082735150
6026960073
6054226825
6159424012
6144172899
5968211180
7404686263
7433930292
6146037862
6057789602
6096700010
6104729884
6150376751
