6146412906
6068700898
6130282499
6132525642
6144288792
6154684800
6146929637
6065083269
6061534306
6155078921
6147397650
6131101945
6147852676
5995292589
6084967816
6148110038
6057245584
6150271182
6124331564
6138266823
5992623712
5976984640
6119105548
6061106389
6155511501
6147215332
6079424964
6147157857
6097459406
7422305457
6117572231
6022059875
6109735252
6125949699
6053537930
6102466703
6122605279
6156996490
6147344167
6148114262
6146077862
6078027684
6158070600
6144012442
6122497995
6149127512
6138192740
6149960795
6141679063
6115753616
6071969251
5462564730
6131132557
6124399203
6146980504
6049193938
6155517579
6149123736
6063919023
6137335231
6046274936
6066845309
6079798157
7429375223
6036213781
6140316810
7411801458
7408532276
6100664852
6072692183
6132734840
6105693738
6147555414
6155049280
6040099171
6071163410
6064237948
6073098641
6149608730
6007977608
6082735150
