6149441310
6155140170
6146991784
6120858907
6040675367
6109576726
6125237167
6118489937
6147170720
6147164559
7426955892
6155066255
6146306876
6151670149
7418721525
6147035882
6056890684
6148110038
6140866457
6157659075
6150271182
6077592612
6146958821
6139869532
6126178515
6065588107
6043180690
6041798889
6119105548
6151183805
6131990611
6149456414
6149774012
7400018096
6070675437
6060675285
6121239393
6147355495
6124264937
6144438376
6150379631
7430325875
6098788135
6071465758
6149109241
7321132980
6148129942
6142814692
7353724726
6148797955
6089760408
6147381164
6118779627
6149123736
6155099462
7308467760
6076922040
7435431478
6147381228
6123927582
5409150353
6149149720
6148390563
6150169080
6144172899
6118716198
6023135086
7408049590
6149307678
7411801458
7408532276
6140174177
6102450648
6148329943
6150117754
