6151717179
6161838601
6153734372
6153359958
6146859385
6154765345
6156897880
6154571937
6095286061
6162051723
6165068420
6155023193
6153838446
6154562728
6164915524
6156972952
7427278839
6159553666
6151217455
6162070285
7435223921
6157063108
6151343854
6143573654
6151164633
6160453313
6117929679
6157804719
6157568698
6040675367
6154616229
7441433394
6167092620
6124672198
6155260007
6164205389
6154756904
7439889525
6136031114
6162657359
6153907134
6153588162
6158368028
6150040623
6147627176
6151854294
6150998599
7442357878
6072665924
6110965438
6156898901
6140190347
6144610835
6154182423
6086267711
6058161061
6157299011
6154985700
6118473155
6153769189
6126225621
7371838838
5437457234
6039742721
6155172808
7403604850
6157004888
6162147531
7431221495
6153659942
6096370176
6164272391
6086395294
7437701748
6148502375
6156602782
6106045917
6142076394
7432520240
6157537564
6091741527
6156490642
6121598728
6127591357
6100645546
6123088303
6138919201
6153800878
7440568373
7434880631
6120449530
6158548676
6128431073
7353357296
7323443125
6153463252
7438301747
6010083281
6166988428
6162868736
6156737885
6157986490
7435181367
6155462051
6159913097
6156791744
6155875837
6147991727
6118104814
6087977961
6123706106
6154452496
6032151444
6148299466
6162260481
7359660592
7442959156
6158257007
6126672090
6117350624
6155121108
6063488956
6147856121
6147480147
6130241560
6038764683
6154571774
6145550912
6146747231
6077191447
6119988561
6122189402
6154366181
6093466320
6061511206
6135377925
6160479621
6090772383
6140843384
6148830021
6155270119
6149235219
6151206139
7436516212
6044246299
6075893868
6160864508
6080072597
6145173715
6156088079
6126409633
6048903245
7438235444
6154018476
6075847371
6121239393
6059258810
6154996820
6158491548
6074578249
6122909885
6001450983
6110786841
6114368613
6156330195
6137760165
5991320914
6153631967
6000363599
6140318738
6154895085
6094143631
6158931658
6118176426
6064758282
6087871694
6114675016
5965375726
6160532802
6151036758
7441587890
6031880283
6148068345
6079074951
7305071927
6083809220
6081598667
6087252739
7412533367
6138876328
6154739897
7405526448
6070667973
6154475921
6107118399
6155901398
6088272783
6133807887
7421265587
7442122548
6152611476
6128018040
7432000626
6153787884
6042867560
6081635226
6156801877
6138233110
6088666862
6121228054
5993659716
7249695862
6138435494
6095285831
6058647995
6156378650
6127643088
7435550323
6155234942
6156965461
6112780792
7435250800
7387191347
6157010014
6091285004
6149413595
6158443261
7405878834
6090317516
6155245287
7370142000
6050136716
6151872614
6156353660
6117998218
7411680886
6155277649
7407178545
6154458220
6151668862
6155787164
6151480185
6154791461
6086528021
6152780334
6066101905
6157063813
6151311462
6160593413
6156038879
6155799496
6155283047
6140679708
6032464217
6149442605
6056791486
5452114123
6165952328
6134267724
6156014999
6088860951
6065112394
6163495499
7426229814
6149517994
6129204045
6040515755
6133796625
6151920977
6157409373
6114315099
7433317041
6000241323
6065500157
6129866980
6120697833
6155277585
6157810586
7391911413
6154864864
6029188027
6080567316
6146516634
7328846324
6070070363
6125551004
6154698600
6126236112
6006369980
7251894709
6071146938
6070229601
6100839341
6078737923
6084665485
6115561998
6019997213
6061328642
6160830651
6151715054
7398552438
7443164980
6106018653
7437272567
6137232040
6150041177
6150407449
6058412454
6162954374
6128134633
7438452913
6154143933
6160660228
6142843064
6117924328
6158319900
6070068934
6071654202
5966309733
6076874502
