6148357522
6137614666
6146859385
6155808577
6160907015
6150099922
6156651101
6161838601
6147144985
6160437247
6149559640
6155089641
6153734372
6162725835
6138657515
6156028114
6144354855
6132407006
6164199428
6162086079
6155994643
6166487628
6152923674
6132479068
6118327445
6153300322
6156103407
6147070627
6156951419
6146932973
6127884839
6124437283
6067818220
6091093477
6163174279
6143516204
6153452780
6147269996
6155270556
6150302077
6163811464
6152705576
6144296599
6114412264
6099957611
6077932090
7436477495
6115512238
6154566615
6137047599
6154382881
6152463228
6150879483
6159667213
7436821941
6150207954
6147645336
6157997117
6154058761
6086300371
6121636071
6154304663
6157299011
6162560781
6149787705
6048132568
6161037128
6161209988
6072012123
6163367496
6164566408
6103864678
6145662629
6151373699
6156699503
6151799548
6158322306
6151854294
6138802270
6103735304
6148147694
7437701748
6155263615
7439765430
6150206841
6148939229
6072276108
7353357296
6159875843
6153232806
6153852776
6153852645
6029414238
6148297319
6148603685
6069439161
6078235884
6053006818
6057125725
6155219555
6147105950
6156084859
6129904483
6151225600
6160085065
6074376147
6127591357
6084967816
6128431073
6153702634
6155491875
7442813556
6157313308
6156088079
6152721084
6123429932
6075765642
6077147535
7409480241
7442563382
6157699777
6107671685
6077943867
5993997204
6155120784
6153482523
6146064289
6156044091
6155180741
6154085434
6071181379
6038764683
6032543021
6121798243
6071608975
6058977241
6155462051
6154301891
6096100495
6148421144
7311960113
6156267193
5457773187
6152496615
6069420579
6146853152
6043783200
6075325996
6161819713
6157107355
6159151362
6162245319
6145904319
6142727954
7433881141
6093714703
6146747231
6156122089
7439079862
6066499918
6117350624
6058812452
6116941065
6107864861
6146933401
6149576838
6140399147
6067538365
6108155672
7300163383
6142890168
6152413275
7400543600
6148256170
6126716490
6142942869
7359048438
6133506566
6159620993
6000363599
6115163818
6149331040
6151798059
6064758282
6166494284
6124612867
6106869132
6152700968
7434830131
6150711101
6074578267
6161809286
6096112162
6146409644
6153936971
6154369313
6156701339
5993659716
7404490996
6147623311
6060158018
6146947995
6150980682
6114675016
6159047876
6078069321
6119517859
6156438238
6161544008
7351234290
6107616661
6155198994
6138806526
7436130228
6149596838
7437078067
6090812205
6068758041
6164449796
6047349848
6024751061
7334196085
7387191347
5433774850
6162489987
6155595013
7438577585
6109356169
7438576689
6155111577
6023451546
6121804837
7393172658
6136165575
6154290708
7430708465
6158220029
6031880283
7433355383
7437560563
6146097046
6136267335
7409925685
6125527120
6121228054
6018834250
6114404063
6154787219
6095078935
6051909770
5991360261
6159936511
7417882230
7434153840
6033157891
6152493934
6072820715
6032253204
6118756316
6156590493
5972253038
6150983621
6156204120
6047403065
7298639666
6153035861
6060994074
6064419622
6131223954
6133739404
6124399203
6163549251
6073486754
6158776773
6112876045
6125170953
6165220552
6151668862
7442892468
7438577521
6153467352
7440786482
6151985188
7377381361
5462263195
6136622026
6130799239
6156186002
6126567956
6123776878
6148470819
6165161096
6108881017
6072601677
6053830209
6156967322
6125502779
6156213333
6096671691
6158085439
6113091130
6166493260
6036630119
6150655239
6163515335
6076944296
6161572422
6083491132
6128828154
6148132525
6143501287
6107154301
6067446790
7440558962
6053956113
6129178828
6149494032
6024680805
6060121895
6155694140
7380647986
6156789432
6146462997
6140725580
6132085258
6116353255
6108351697
6160278140
6057265173
6154731247
6119537224
6116150242
6156267833
6154335180
6146999969
6054311259
6156228181
6080567316
6090741998
6121211731
7429089138
6162229705
7263185207
6156321309
6075792896
7353599344
6147806244
6157578685
6129723302
6162348223
6163348999
6104798176
6071146938
6150327873
6162129926
6052175039
6042511234
6159743049
