6150692360
6118083239
6133119684
6123430928
6145158673
6132142797
6040675367
7429871985
6128988870
6121313873
6091550236
6149786301
6148476378
7390875191
5991373532
6145662629
6138469421
6055966870
6068609529
6144935061
6055684892
6117017216
6137687375
6066026365
6073585826
6066499918
6148940178
6084967816
6134422989
6124258527
6146747231
6132994272
6147160799
6140831084
7341245809
6120559719
6075853832
6093714703
6147541344
6147572189
6101872521
6147434682
7354208116
6145960494
6097519143
6146702813
6059095267
6059338581
6045924703
6069021002
7416014519
6145467673
6127761886
6146403436
6144959274
6145357416
6150485788
6148906069
7354538162
6145430509
6143948201
6119289580
6068264941
6070601979
6148218583
7431041842
6146730809
6149875226
6147956502
6142305254
6138540992
7339199856
6102466703
6143129710
6090124433
6054394643
6108881017
6115188557
6038023013
6121228054
6083491132
6145550781
6026712782
6148856041
6142814692
6065548185
6070559017
6127303115
6115415013
6129325253
6129861354
6084145924
6152634108
6127034435
7325741555
7321132980
6116535422
5445645390
6153279996
6096259328
6074679049
6044629338
6076136799
6070302733
6029053051
6123927582
6147122017
6059565119
6076002946
6065769578
6115753616
6147458244
5973882465
7429220343
6079589974
6121060519
6142714662
6146074022
6141828177
5463109145
6147587742
6147147681
6149022360
6146864872
6139998856
6066529787
