6117773014
6079888732
6105996692
7409815664
6149280848
7350923895
6147317921
6144994846
6149056159
6131101945
6037569071
6146101998
6149977949
6132044732
5437520327
6104474111
6129049107
6142908323
6022059875
6071465758
6128705281
6112094491
6147545639
6005627262
6060427241
6148535319
6122605279
6150553775
6127303115
6148571171
6126820295
6065392236
6113370342
6149264543
6149637214
6069723086
6049918268
6147538663
6056088217
6055350794
5401044970
6151366658
6117630438
7429570039
6067539810
6040724832
7408049590
