6120540900
6150713756
6131332303
6141305168
7431192501
6147232877
6135214096
6139623999
6109110739
6107126013
6088319343
6091853727
6116987605
6148571107
6153017615
6149056159
6130643022
6144994846
6113275040
6147329105
6071061315
6010977400
6070601979
6104784637
6147150757
6147460065
6039608004
6088816410
6155387263
6047123989
6116250718
6125082264
6155297167
6142073621
6155296335
6157524740
6117743253
6124399203
6157524420
6070018314
7435879348
6140232295
6063737743
6115423307
6152203899
6006653134
6074180973
6078451299
6147597073
6155381759
6024457545
