7428039792
6147571933
6091120341
6127437439
6121313873
6149786301
6072775721
6146921763
6107831145
7329026034
6152564749
6115662160
6087977961
6068369637
7435380470
7337755760
6149861722
7384548853
6146997866
6142372580
7429171506
6067441123
6064563681
6144373785
6154559809
6104706072
6127761886
6148218583
6124264937
6145467673
6109776849
6076258118
7430293683
7363350452
5439114198
6127261128
6115188557
6144791234
6136967842
7404812598
6149053720
7285342321
6146750104
6105504090
6051918191
6147983933
6150521052
6148868137
6045720815
6115561249
6153338688
6082221518
6072606850
6070302733
6136396363
6129256279
6149394835
6155008713
6155001545
6153098638
3779305
6060121895
6153274300
6021493868
6142964505
7408813493
6078451299
6111031753
7431309745
6146087462
6118716198
6072692183
