6157116446
6154709668
6162934087
7438367985
6156870909
6155863322
6124857301
6115035009
6147144985
7442675892
6162629183
6162669194
6161178316
6146932973
6152563741
6146299551
6157395803
6156525919
6126489414
6147712169
6110521637
6149091485
6116242093
6157690844
6154594400
6152882986
6153596520
6153325451
6147586794
6153771758
6137905033
7435185268
6095910600
6156777048
6134667618
6164997764
6127066660
6156758906
6147269996
7400984752
6130335843
6065562068
6154013574
6149281258
6125451912
6102584081
6153862301
6151828990
6156215059
6068209940
6150486802
6156699503
6050930301
6155231934
6157236088
6151584545
7433556021
6069208539
6155693609
6156670815
6103400488
6055872172
6119558242
6164686410
6131585431
6157182712
6155319967
6033902240
6048132568
6085526162
6131201023
7442334902
6157143891
6151373699
6092906462
7380212913
6144483111
6156286546
7426187767
6155545429
7440800434
6146051089
6141177386
7390875191
6149102697
7437743730
6157445853
6153158264
7437678582
6159328267
6148147694
6154278290
6086395294
6073453981
6163826573
6129904483
6162775622
6076644523
7389689525
6155534425
6164093763
6145428058
6108928575
6148534727
6126958203
6127145955
6147105950
7420102263
6049892218
6069297566
7439816882
6149284540
7437895539
6142894629
6156646674
6154660392
5996698727
6156630075
6139577025
7350497847
6103620646
6062223264
6139590052
6150952470
6148491277
6144073490
6084567554
6162878847
7442959156
7329302899
6114512639
6059205053
7438043826
6148299466
6071300525
6147915646
6145703769
6153430373
6153266141
6157127827
6093714703
7341245809
6156662697
6161776710
6122189402
7439776118
6048066576
6103735784
6044243007
6162420047
6087125066
7435224055
6100504229
6121245209
7404693686
6114675016
6073501089
6151481709
7429376436
6028916059
6138995688
6149331040
6125233478
6162803654
6157551727
6163425101
6059345559
6119722745
6074934878
6067111751
6157678874
6045800696
7349564214
7404490996
6133821065
6142730327
6077548520
6051369692
5458370458
6153623289
6155613700
6121239393
6118142683
6081335900
6093418594
6157995704
6150409519
6106869132
6153101226
6087107455
5972978846
7408848049
6146947995
6163774663
7416014519
6149462315
6119517859
6134984586
7442122548
6134201980
6154889353
6153860738
6118751836
6037708198
6161112199
6141437661
6087252739
6138446755
6076063517
6031880283
6065968069
6154625034
6121804837
7358869621
6149766041
6161802121
5463294732
6162803590
6019943433
6153432768
6158112269
6070758148
6151133038
6081635226
6079718534
6156108303
6155768850
6062338222
6068115239
6154373407
6065416069
6124675564
6117182912
6145500414
6065914939
6156718866
6116240930
6160101645
6064541497
6154866660
7361850740
6155900448
6023451546
6154739897
6119136026
6154170071
6155858881
6074960385
7321132980
6131494975
6141320187
7386012727
6146811668
6090812205
5979985190
7322026096
6158842364
6146865876
6120746436
6133562897
6156539922
6140441836
7426261559
6153386851
6114432386
6156014999
6074089747
7411680886
6128389291
6125640186
6165005956
7370142000
6149239196
6090735676
5990474085
6119931286
7406964469
6148199772
6156038879
6158284636
6151668862
6161078012
7314483830
6109768045
6156045079
6162797510
6063966545
6148172613
7325254772
7357061939
6162241356
6066896657
6125597596
6155644825
6148074903
6088987751
6153775662
6156801465
6157118046
6121856853
6125893981
6157814650
6155381182
6148781077
7440854710
6119777245
6123552634
6148470819
6080137215
6064841953
6151480185
6114513932
6151920977
6155087975
7442411828
5401759700
6089636892
7441686772
6084665485
6081901723
6139557706
6112127443
7391911413
6063527612
5463086780
7440362421
6155087527
6130082960
6154945632
6156044963
6059980049
6030602082
6153778478
6153056912
6146008828
6155646937
6166143180
5459742584
6080567316
6058925780
6165316163
6117371396
6157663834
6090741998
6139103321
6117222507
6064962630
6122287125
6132085258
6150293792
7393743607
7244398068
6063474821
6164109447
6148003047
6156801337
6159580489
7414628085
6153862182
6068201159
6155084327
6152150950
6106018653
6050184388
6157967855
6067352413
6076874502
6116353255
