6126097370
6116552801
6131061581
6104364013
6122712359
6126076267
6125864813
7402763255
7409016625
6123643093
7407357424
6134578495
6122238759
7405033975
7411574577
6129796349
6110521637
6091264360
6105550606
6099954982
6120149599
6129990491
6126728293
6105431526
6130870461
6125446283
6129237854
6129046352
6126667347
6131497348
6134933696
6135015881
6128536297
6065083269
6085712657
7407571312
6067869009
6137016652
6112525613
6126166118
6112301820
6127151651
6120571691
6048132568
6126843747
6135586957
6127565247
6066783132
6132028930
6066567702
6133581250
6074597003
6127140220
6102516424
6130125851
6127693144
6060539300
6055114158
6121116898
7371838838
6070684077
6114795284
6103086717
6134172808
6080057685
6111397671
6068249900
6083643909
6121900442
7398612403
7329396147
6056245779
7348563057
6117973605
6135710475
6133507210
6123918991
7349542071
6109473408
6078450878
6113261883
6090315409
7253299376
6126198846
6123041498
6126266821
6131254077
6117339424
6128485082
7407406646
6128174294
6119973317
6116935577
6062730980
6063496331
6077373056
6120345618
6103026442
6120535552
6120476427
6069034837
6082364619
6135277887
6068568479
6130593741
6087995472
6089546365
6128023365
6045232469
7325237043
6132309125
7411579313
5989391864
6073916489
7408169264
6135146759
6128395680
7339376244
6135920842
6074723855
6070916506
6123456508
6001445959
6084967816
6121243886
7386754740
6128339680
6118752016
6079980344
6107682068
6104794136
6129175173
6042319151
6125265277
7360703860
6126238691
6039642281
6116580742
7411358769
7371727733
6109735252
6127154605
7411305270
7405118583
6115988617
6074578249
6123620802
7411190321
6100176484
6072069180
6075037135
5409675112
6120135019
6133511298
7409422263
6120148379
6075099339
6093418594
6120661712
6134758345
6113881892
7415357686
6105626094
6116228585
6032760718
6067893267
6097806859
6002855112
6125521688
6054548351
6062956630
6038047210
6039396482
6039070356
6127360167
6069572345
7364729074
6129046653
7351383731
6061567462
6060677870
6115004792
6068115239
6129294286
6104703638
6131538300
7415080628
6121228054
6119012537
6001739118
6133782657
6057771453
6066763431
7384210612
6067278465
6124846309
7290398070
6117714759
7387191347
7415379382
6113101967
6063630365
7399278645
6128180217
6075932739
6129354950
6104526662
7392210228
6123727059
6008045332
5441307794
6022959121
6128363706
6109167576
6060944833
6074525781
7410772017
6135188102
6074089747
6040883489
6035917374
6039605968
6133690505
6126448254
6053867543
6116443359
6028358630
6061755283
7339152503
6123531039
6099971913
6104381295
7391760116
6022608889
6003438801
6099351997
6124470442
7404688818
6076738276
6105171396
6107770596
6062840443
6123955479
7415805364
6011025862
6116535422
6133942990
7397285430
6072768844
6133873984
6126296203
7401312114
6125660766
6088987751
6004749087
6075320002
6083935018
6074559116
6139525836
6129736835
5380644913
6111218152
6125194104
6128934867
6134131855
5461714562
7336495155
5444649682
6065784893
6089250925
6059212184
6128298331
5980819455
6136142851
6072692183
6060926279
7363857141
6123079197
6125701637
6126675624
6000241323
6123514333
7368399280
6059394282
6114696511
7346997620
6127940056
6039996741
6125457344
6126900269
6010426017
6121968480
6116154462
6127162984
6124426725
6127776722
6130629596
6128052319
6066897309
6125679022
6059173497
6115995169
6076507874
6121489550
7409573367
6067790842
6037175198
6124409117
6128705869
6115743189
6067393175
7356352626
6076759149
6057473118
7377992371
7401841778
6098469125
6068100492
5966006420
7407846065
6045709798
6052423496
6135358079
6132565636
6132387147
6134368206
6109977630
6074453892
6108232953
6060332199
6117298524
6074928232
6077547209
6011816869
6121866730
6127377697
6102814553
6137744259
6125400556
5409612308
6062614731
6128843583
6131164161
6006799912
