6126370861
7413492146
6134982159
6134783558
6132638148
6127107539
6126001665
6091264360
7415279350
6126489414
6135388299
6129676685
6127855715
6127897820
6128835385
6128325369
6132215881
6114742564
6139115532
6136595144
6132591109
6128196676
6122707170
6109016824
6129443292
6126099724
6114005288
7351616948
6063929466
6122388758
6127142124
6095130466
6120152849
6128925968
6120082707
6085584103
6073207248
6120734268
7395004021
6126704106
5986735517
6080310996
7404039734
6123502382
6132466505
7390066870
6128448912
6067877497
6132856699
6101056741
6072930124
6123335402
6128956537
6128898069
6066400184
6121727333
6126722686
7406352114
6026015307
6010331104
7409343287
7409415668
6125260308
7328001714
6073588332
6127217745
6092452076
6123511971
6070900036
6106515801
6097494358
6131779899
6115988617
6127332667
6127889611
6124534160
6081447384
6115863358
6122332089
6111681833
6120381530
6036232938
6109093153
6130420619
7349121777
6088781387
6115400418
7410146036
7340018037
6045912251
6064094739
6099188811
6120131155
6062426523
6121658435
5997084928
6133105090
7364729074
6126110742
6080171926
5984303575
7386358131
6132328379
6124299559
6064020940
6090124433
6025505441
6123066328
6062877849
7415579956
6126111266
6132950863
6125505573
6118892261
6114464173
7392504183
6126969444
6117271889
5451796175
7355380662
6121133995
6099971913
6122582159
6126212071
6067697637
6121209941
6076171595
6119056068
6114250923
7415516532
6069369664
6070019259
7387444726
6022959121
6058529964
6069187156
6111781209
6127579262
6118710056
6113932419
7413958516
6033554275
6116535422
5456701349
6078565097
6127637520
6053873837
6093760204
6113666179
6076874502
6103206329
6125457344
6127137380
6126883749
6127137572
7361131762
7350892343
6127076818
6065283609
6127048084
7383869047
6057793026
6125500615
7251874294
6116613339
6107362901
6125194104
6130071822
6115189280
6041979397
6108031210
6087052640
7293552501
6061436329
6122315104
6120460538
7410199987
6105396931
6077492756
6115100448
6116806166
6118716198
6131114365
6069344401
5984450110
6125482136
6133094603
6132654914
6077450000
7396152752
6126447561
6122606682
6127474942
6130923654
7402988400
6087143010
7410033523
6085560046
6124130795
6111427853
5964133485
6041587567
6124409117
6000805269
6061637771
6111522809
6092205295
6114515873
6126481381
6061527000
6111032738
6133879558
7353715188
6134898950
6117670654
6075747002
6127546810
6092916967
7312242034
5447715602
6111200161
6110624471
6125553745
7408850551
6116580317
6134021380
6138919374
6126660436
6055893928
6125109856
6129032208
6127107664
6047951874
5379878672
6118328514
6108943713
5456036900
6073221612
6103210349
6111912284
6120870187
6100768973
6087487556
6125239288
6122483142
6067536586
6127829660
6126095974
6134034825
6138008840
3019422
7371110194
6090888378
6126864621
6078828285
6073166143
6119097191
6109059239
6049938504
6052891691
6138734670
6122401491
6128741023
6127084320
7401136752
6131429573
6092588367
6126293539
6134685311
7387703473
6106650388
6121834948
7415213812
6136221453
6121770026
6126098022
7387283185
5985980202
6070620654
6070635036
6020287510
6092173406
7388169714
6073143895
6136603725
6120223679
6061651228
6093639488
6136589704
6132805130
6081640041
7370006263
6065158973
6117201342
6059972327
6128593309
6041610604
6075068456
6102039686
5450601313
6130438470
7259288183
6115042242
6114780263
6104415356
6122924948
6130498113
6065642517
6094458262
6097379209
6132756230
6010830400
7387536368
6131729532
5994530493
7400868787
6112853521
6000534302
6113757095
6013444509
6109762604
7403597623
6123861372
6078750891
7406961011
6128855765
6123246731
5408943080
6118520468
7413492146
6126370861
6134982159
6125950698
6127107539
6126001665
7415279350
6135388299
6134410817
6094313912
6121672613
6121944731
6129676685
6080992696
6139115532
6127897820
6128835385
6128325369
6136015629
6114742564
6136595144
6134401354
6132831035
6132591109
6122707170
6127437439
6126099724
6114005288
7351616948
6063929466
6123039331
6095130466
6134210497
7359694386
6085584103
6073207248
7395004021
7403386672
5986735517
6126704106
6124691778
6080310996
7404039734
6067097169
6128718165
6124533926
6101056741
6123335402
6127474058
6127011776
6040652527
6060831822
6066220249
6126448874
6033803885
6123511971
6113695405
6128956537
6128898069
6066400184
6128270935
7334385586
6125265277
6026015307
7409415668
6125260308
6073588332
7325450609
6127217745
6092452076
6103444583
6106515801
6115988617
6131961151
6120135019
6130288175
6118657958
6740921204
6070370718
6130914109
6043109011
6130987965
6071005407
6127332667
6127889611
6115863358
6122332089
6111681833
6036232938
6130420619
7410146036
7340018037
6137516867
6099188811
6120131155
6121658435
6107967399
5997084928
6133105090
6080171926
6126110742
6132328379
6064020940
6090124433
6123066328
5988282207
6062877849
7415579956
6126111266
6132950863
7392504183
6115384046
6013775277
6128943059
6119299611
6070174125
7348589557
6054548351
6128155294
6119234666
6121846115
6137264260
7399278645
6111222607
6080845761
5972253038
6128363706
6098059427
6124897384
6117271889
7355380662
6121133995
6099971913
6126212071
7326399473
6121209941
6076171595
6070019259
6022959121
7408771378
6120529573
6100235002
6058529964
6132845574
6117938984
6069187156
6004749087
6056458069
6111781209
6127579262
6118710056
6104985685
6125689060
6033554275
6058238685
6126426349
6031658051
6136193736
6081028032
6126483104
6128162976
6134381574
6116443359
6058222794
6129671554
7408574902
6042647982
6053873837
6113666179
6076874502
6103206329
6125457344
6119450819
6127137380
6126883749
6127137572
7350892343
6127076818
6125500615
7251874294
6116613339
6107362901
6126984301
6130071822
6115189280
6133356226
6128952873
6108031210
6133355778
6087052640
7293552501
6126096102
6026359164
6061436329
6067784913
6105396931
6126982957
7415381300
6070811872
6124718072
6129801676
6126693928
6053697326
6123937255
6077241081
6124326806
6075232586
6118716198
6131114365
6126661732
6122606682
6127474942
6108219942
7412164661
6127031058
7402988400
7308223920
6087143010
6085560046
6109347048
6068896927
6008336640
6111427853
6090198808
6092205295
6118276629
6042997564
6116681095
6127122465
6126480338
6002949167
6074928232
6046998980
5462704531
6108324067
6111772634
6121453789
7351055217
7404288631
6133879558
6134898950
6092916967
6111200161
7408850551
6103095058
6094565311
6138919374
6055893928
6070836813
6129032208
6127107664
6128166496
6134027143
5379878672
6118328514
6108943713
5456036900
6073221612
6124426721
6111912284
5387458565
6120870187
6100768973
6087487556
6125239288
6067536586
6127829660
6126095974
6127579646
6065410852
6125364161
6124195480
7249956851
6124866479
6121160421
6136881480
6071865621
6062647480
7343352114
6138746382
6100860515
6127682441
6138008840
3019422
7371110194
6090888378
6119097191
6138734670
6128741023
6127084320
6126293539
6134685311
7415213812
6136221453
6126098022
6116070933
7387283185
6070635036
6020287510
6092173406
7388169714
6073143895
6136603725
6120223679
6061651228
6093639488
6132805130
7370006263
7405610932
5421767692
6063086912
6058006330
6090804510
5456687766
6041087661
7355503987
7357973428
6109747164
6069395972
6134472767
6111501571
6120105016
6074818559
6065158973
6117201342
6128593309
6126972717
6102039686
5450601313
7259288183
6114780263
6130498113
6103513633
6097379209
6126085862
6132756230
6010830400
7387536368
6118887354
5994530493
7400868787
6112853521
5434021344
6013444509
7335214645
6072581092
6078750891
7406961011
6139092684
6076654275
6128855765
6071509706
5408943080
6118520468
6051885148
6080594705
6130114268
6049450113
6061049127
6119248121
6105576998
6125938790
6065239203
6126370861
6134982159
7380722801
6086736136
6127865822
6123049508
6121746478
6094313912
6127107539
7415279350
6127066660
6128526973
6135388299
6126793633
6135015881
6124483366
6109650712
6139115532
6128835385
6128325369
6104277136
7415303926
6120472706
6091633582
6121500316
6110693114
7389777905
6131662337
6132831035
6132591109
6063929466
6127142124
6116846248
7408714679
6073453981
6129965979
6117066986
6040652719
6130968189
6125514104
6135593159
6138027656
6096525665
6061175299
6072876895
6136570692
6071716414
6121445196
6067877497
6085584103
7403386672
6126704106
5986735517
6080310996
6081239939
6116366110
6101056741
6123335402
6082201040
6124698391
6106515801
6127568597
6129841661
7412091317
6127174319
6132060415
6135521544
6107137593
6108818277
6111471800
6119688651
6028158380
7412376818
6096112162
6021408855
6135061766
6134598921
6126448874
7415123126
6127646166
6123511971
6128956537
6128898069
6128270935
6075847371
6125265277
6120581756
6026015307
7409415668
6073588332
7325450609
6094784475
7389179958
6071032917
6124688536
6120135019
6119760394
6130288175
6118657958
7362785652
7392361910
6124126571
6122770142
6126569683
5438853962
6117797735
6087949486
6055462302
6118604890
6126379368
6134875405
7327312119
6068818882
7386012727
6070370718
6130987965
6129801434
6127332667
6127889611
6081447384
6115863358
6122332089
6109093153
7349121777
7410146036
6099188811
6121658435
6107967399
5984303575
6132328379
6090124433
6135028100
7415579956
6126111266
7392504183
6128943059
7348589557
6054548351
6121846115
6119234666
6137264260
6126833748
5456701349
6107752008
6125528145
7406946548
6067999268
7409812083
6129708699
6104381295
6130290351
6129031184
6112626555
6132991371
6118441681
7345855603
6122859095
7395541492
6126483104
5972253038
6128363706
6124897384
6117271889
6121133995
7326399473
6126212071
6119056068
6101873735
6070019259
7408771378
6063083173
6096682465
6069187156
6004749087
6127579262
7315547505
6126599139
6126426349
7382713654
6057140844
6031658051
6136193736
6003438801
6081028032
6118685286
6129852997
6117992707
6128699689
5462078951
6129829402
6126693928
6115423307
6124110439
6123373819
6029312593
6113433250
7407388021
6037951865
6128271575
6097092556
6071021533
6116154462
6128271447
6090741998
6058222794
7408574902
6125194104
6053873837
6076874502
6125457344
6127137380
6127137572
6120981841
6132907899
6125500615
7251874294
6115575392
6130071822
6066530136
6108031210
6087052640
6126096102
6061436329
6067784913
6074512751
7415381300
6070811872
6118120338
6129801676
6124757763
6099384577
6094044640
6071875385
6067535183
6128429251
7284300982
6066793958
6091142894
6126592365
6129876026
6128650456
6129590072
6131164161
6087661900
6126403868
6105347715
6120797755
6074928232
6134729740
6081805501
7295716981
6122616401
6075748228
6049929618
6127581822
6124326806
6118716198
6133094603
6077450000
6127474942
6055526433
6127031058
7402988400
6087143010
6085560046
6068896927
5964133485
6124409117
7409318706
6080628098
6116681095
6087627781
6002949167
6039864167
5985124238
7410852085
6121891603
5431853046
6062983750
7410983345
5964186212
6072886950
6046391373
6129829530
6136820045
6129145096
6079214942
6010006107
6124393529
7327649268
7353682676
6060173422
6035960258
6114606604
7318818097
6134575359
6081299486
7404288631
7395724016
6091220893
6129032208
5456036900
6073221612
6111912284
5387458565
6120870187
6061414696
6100768973
6087487556
6125239288
6046388129
6127829660
6127579646
6065410852
6124195480
6124866479
6136881480
6136509709
6062647480
5998849297
6107496958
7408291125
6117074975
6030368489
6126028974
6003390857
6116070933
6122590821
6032733845
6072639505
6057909912
6128985183
6045997072
6063426447
6121100309
7402338544
7370006263
6063086912
6138008840
6073166143
6119097191
6131429573
6126293539
7415213812
7413459572
6136221453
6126098022
7387283185
6070635036
6020287510
7388169714
6073143895
6136603725
6061651228
6093639488
7391028725
7405610932
5421767692
6058006330
5456687766
6087027463
6133307075
6127854551
6047012745
7413249394
5994530493
6091690717
7398196339
7389437111
6136813517
6123787387
7340266551
6119097112
6123620366
763128
6067121775
6137106884
6121686860
6039697540
6125903979
6065239203
6111501571
5450601313
6126085862
6132756230
7387536368
6135007110
6118887354
7406961011
6076654275
6128855765
6066126786
5408943080
6083395471
6118520468
6051885148
6049450113
6119248121
6105576998
6125938790
6127809547
6118870928
6128979088
7380722801
7413492146
6134982159
6097713558
6135388299
6135015881
6086736136
6127865822
6121746478
7415279350
6126793633
6137585484
6121944731
6122717934
6048132568
6124483366
6139115532
6128835385
6128325369
6104277136
7415303926
6120472706
6091633582
7389777905
6131662337
6126099724
6126381794
6063929466
6126466134
6127142124
6116846248
6124760702
6081323436
6047202919
6070401725
6130560706
6127291357
6073453981
6117066986
6040652719
6130968189
6138027656
6061175299
6072876895
6136570692
6122325096
6072438600
7403386672
6126704106
5986735517
6080310996
6081239939
6078611752
6116366110
6125772820
6101056741
6123335402
6082201040
7335023991
6123975952
5406964649
6065594443
6129720730
6071032917
6106515801
6129841661
6127174319
6132060415
6107137593
6111471800
6028158380
6035974821
6126448874
6127646166
6123511971
6106224350
6128898069
6128270935
6075847371
6125265277
6026015307
7409415668
7396493424
6073588332
7325450609
6103911975
6094784475
6125058904
6121312039
6120135019
6130288175
6118657958
6130258949
6105138787
6071080275
6071644107
6104964970
6065431121
6112215813
6107509094
7392361910
6124126571
6117797735
6087949486
6055462302
7327312119
6123066328
6068818882
7386012727
6127332667
6127889611
6115863358
6120381530
7410146036
6121658435
6107967399
7364729074
5984303575
6132328379
6090124433
7409762933
6135028100
6062877849
7415579956
6136267335
6126111266
6132950863
6115384046
6123129131
6128943059
7348589557
6054548351
6121846115
6119234666
6137264260
6117487773
6137517443
6128904723
6127579262
7406946548
6067999268
6129708699
6104381295
6129031184
6130290351
6118441681
7415381172
6129707229
5972253038
6124897384
6117271889
6121133995
6126212071
6119056068
6070019259
6022959121
6101076496
6063083173
6069187156
6004749087
6118710056
6116535422
6078565097
6125862691
6126599139
6125636974
6126426349
7382713654
6031658051
6136193736
6081028032
6039105803
6101561353
6098762197
6067909536
6118685286
6129852997
6128699689
6129829402
6124110439
6123373819
6128271575
6097092556
6071021533
6116154462
6128271447
6058222794
6056338110
6125194104
6125457344
6125679022
6072765776
6125500615
7251874294
6115575392
6130071822
6115189280
6066530136
6108031210
6087052640
6126096102
6067784913
5445645390
7388548661
7415381300
6070811872
6122388248
6129801676
6124757763
6106228005
6061328642
6122609217
6119986092
6114426216
7407150002
6117039944
6068100492
6094044640
6071875385
6067535183
7284300982
6091142894
6129876026
6128650456
6129590072
6075148677
6105347715
6120797755
6074928232
6134729740
6081805501
7295716981
6127099564
6049929618
6127581822
6133094603
6126661732
6127474942
6062236335
6055526433
6127031058
7402988400
7308223920
6069612737
6085560046
5967792815
5964133485
6124409117
6126481381
6080628098
6127986031
6116681095
6087627781
6002949167
6120828668
6106277487
6120866271
5379878672
6072561086
7410852085
6121891603
6062983750
7410983345
5964186212
6072886950
6046391373
6129145096
6010006107
6124393529
6128798808
6060173422
6035960258
7398999860
6134575359
6111772634
7351055217
6111200161
6091220893
6125109856
6129032208
6118328514
5456036900
6073221612
6111912284
5387458565
6104505212
6120870187
6122353723
6061414696
6100768973
6087487556
6125239288
6046388129
6122614311
6079632043
6127829660
6127579646
6110026074
6065410852
6124195480
6124866479
6113014748
6136881480
6136509709
6115867615
6062647480
6123450537
6008668357
6135747853
6068414116
6074612070
5460529064
6107496958
6117074975
6126028974
6003390857
6116070933
6032733845
6072639505
6045997072
6120223679
7367425200
6063426447
7402338544
7357973428
7370006263
6063086912
6114956986
7412593205
7371110194
6126864621
6073166143
6092588367
6126293539
6126665465
7415213812
6136221453
6126098022
7387283185
6112150619
6125508345
5985980202
6070635036
6020287510
6092173406
7388169714
6073143895
6136603725
6093639488
6054301804
7391028725
7412321013
7405610932
5421767692
6005129468
6052197408
6058006330
6060509734
6090804510
5456687766
6106835156
6099358371
6038539106
6066126786
6133307075
6127854551
6047012745
7413249394
6091690717
6136813517
6121686860
6062368087
7352887926
6077339657
6111501571
5450601313
6132756230
6010830400
7387536368
6118887354
7406961011
6076654275
6128855765
5408943080
6083395471
6118520468
6051885148
6127052091
6130114268
6049450113
6119248121
6105576998
6125938790
6127809547
6118870928
7380722801
7413492146
6134982159
6123873796
6130345244
6126001665
6125681700
6135388299
6086736136
6127865822
6123049508
7415279350
6126793633
6048132568
6124483366
6128325369
6123739768
6130433547
6104277136
6120472706
6110693114
6131662337
6113967418
6126099724
6114005288
6063929466
6069208539
6127142124
6129646598
6120152849
6128925968
7395004021
6125127564
6058202105
6045232469
6072438600
7335023991
6070401725
6130560706
6130968189
6133063234
6085584103
6111886931
6126704106
5986735517
6080310996
6081239939
6116366110
6042435434
6123335402
7350244915
6121312039
6103911975
7251218225
6001450983
6123975952
6065594443
6129720730
6106515801
6129841661
6127174319
6107137593
6108818277
6119688651
6135061766
6035974821
6126448874
6123511971
6128898069
6128270935
6075847371
6125265277
6026015307
7325450609
6094784475
6125058904
6116624585
6120135019
6118657958
6099188811
6068141996
7364729074
7370752305
6123861223
6061331710
6105138787
6071644107
6104964970
6112215813
7392361910
6124126571
6055462302
6118604890
6064020940
7327312119
6123066328
6068818882
7386012727
6070370718
6130987965
6127332667
6127889611
6115863358
7410146036
6107967399
6126110742
5984303575
6132328379
6090124433
6062877849
7415579956
6126111266
6132950863
6133506566
6115384046
6128943059
6075932739
7292336182
6054548351
6121846115
6137264260
6021184465
6123168274
6125862691
6117487773
6137517443
6128904723
6127579262
5456701349
6125528145
7406946548
6104381295
6129707229
5972253038
6124897384
6117271889
6121133995
6126212071
7326399473
6119056068
6070019259
6120529573
6063083173
6004749087
6118710056
6125636974
6126426349
6136193736
6080082306
6081028032
6128090718
6067784913
6132058253
6096114939
7322868980
6031973484
6043309129
6065890956
6135543115
6049093542
6125679022
6116986049
7388548661
6125854289
6039105803
6101561353
6067909536
6117992707
6117998218
6128699689
6126693928
6123373819
5981694910
6107362901
6128271575
6097092556
6102123548
6116154462
6128271447
6051804776
6125194104
6125457344
5988882890
6072765776
6125500615
7251874294
6130071822
6115189280
6087052640
6126096102
7415381300
6070811872
6122388248
6129801676
