6084965804
6149632135
6155179775
6147699454
6144336357
6146062493
7345921717
6129848273
6141298088
6156668163
6063525615
6159095758
6024072669
6149929098
6145792658
6116517398
6154191231
7412446069
6145596713
6146534505
6148980201
6148401183
6150812933
6147701694
6147066090
6146706279
6147669979
6150101316
7403633904
6109284745
7424651255
6147704190
6148347739
6069979741
6156995850
6154087435
6150384261
7429364215
6146506287
6070603333
6158491534
7316052340
6148201789
6142528037
6115877546
6146412906
6068700898
6130282499
6146929637
6065083269
6061534306
6149436190
6148885592
6147223588
6110127936
6143875498
6117785282
6144529837
6143864494
6074721038
7349531569
6145151148
6159090254
6150984061
7434815796
6123844719
6111915272
6146139691
6148040147
6147223140
6149035221
7428216368
6150592092
6130577472
6159106318
6158081992
7367709046
6047665305
6150016155
7342976373
6155647435
7411547570
6145853205
6146194726
6125928511
6147716478
6142811608
6151179517
6105636588
6153008763
6149086713
6156893709
6108395756
6069702522
6149034773
6155100303
7422338480
6055585558
6124865914
6147086954
6149088388
7433706482
6150407106
6113221197
7433596018
6137321177
6144830731
6105490495
6007755491
7432444466
6150251128
6157000266
6157534659
7431296241
7431400561
6097794142
6148174365
6065404042
6157009994
7435670132
6084137544
6154378310
6130059107
6128888136
6047989259
6032031241
6154348097
6060743823
5940788795
6150120506
6148909781
6148121238
6147266017
6063036050
6140204014
6083792319
6084742014
6127827217
6152114951
5968838281
6153398460
6153400636
6148357847
6102320805
6142914910
6147953433
6096064995
6147256532
6132488378
6158070600
6155106959
6155191743
6067719325
6120539091
6152921915
6148549754
6044594303
6139425634
5973002233
6147379372
6118193364
6147050922
6036911195
6147387729
6149106169
6064233048
5964048155
6143365714
5981786477
6149441310
6155140170
6146991784
6120858907
6109576726
6125237167
6147164559
6155066255
6146306876
6151670149
7418721525
6147035882
6056890684
6148110038
6157659075
6150271182
6146958821
6139869532
6065588107
6043180690
6151183805
6131990611
6149774012
7400018096
6070675437
6060675285
6147355495
6144438376
6145396961
6149825693
6156229005
6049612544
6081733327
6128599802
6029805091
6069616108
6154210255
6110246941
6159381708
6148362007
6156846733
6103354916
6143635567
6142297035
6058230738
6148134165
6146805595
7431136180
6147045165
6113388601
6104700742
7429367415
6118402339
6152813706
6065966904
6064353057
6041757225
5979468433
5972582926
6125518660
7319601520
6147353452
6102123548
6153957961
6076922040
6127884328
6074164330
6151164221
6144716780
6147203862
6142430622
6113030784
6153743233
6065594443
6154959238
6146374201
6041068427
6091892393
6015662201
6036429868
6151153866
6146556514
6154702913
6147122017
6087987457
6149123736
6119548301
6127928284
7353724726
6150169080
6148244707
6102450648
6155049280
6158520972
6150022491
7322408818
6112701468
6146581385
6141783848
6057769305
6124741003
6159100814
5448933612
7428140016
7332714869
7411801458
6738864887
6154886787
6146012590
6143860574
6151377615
6127384395
6146399784
7430325875
7435469238
6126675624
6151168829
6151179389
6083172795
6077768901
6139433066
6033678561
6147218642
6127893038
6131454413
6147389100
6144933012
6063571652
6144847006
6117868177
6051946943
6111203687
6109046574
6150311864
6148135574
6122500891
6149515731
6147096106
6119073931
6158095752
7357446518
7428227824
7435459254
6081909765
6088318935
6126683694
6128692480
6046274936
6147260436
6058072930
6151490755
6145786798
6152676102
7359633271
7429383799
6145875362
6150028059
6128502275
7390224307
6148144594
6086202315
6116171530
6060836189
6066244504
6149154072
7362785652
6153415228
6149156568
6150088890
7435459702
6050692569
6105734805
6155574347
6111377619
6069964140
6149154008
6148086459
7428223152
6143111837
6146980504
6155106313
6150235832
6005873997
5409856454
5986370247
7407382646
6155001545
6138128523
6148654575
6072692183
6069077514
6127120968
7387215155
6150308856
6150012826
6154910859
6158116878
6145796948
6108540048
6067314433
6073692108
6042683612
6116874765
6137156143
7293150450
6149055263
6153415996
6153415036
6064471755
6158543566
7435431478
6146092526
6129197153
6127244689
6114935973
6146633867
6157670979
6109124317
6149467102
6134435011
6147806419
6110715805
6117627625
7428226224
6147730686
6122190563
6142029008
6088288126
6157004362
7429328823
6057681515
6105693738
6153511490
6064237948
6123644975
6129172820
6143807587
6146592292
6149059935
6126019981
6147733310
7428345079
6119514234
6057524220
6157019210
6137940654
6127339791
6147281569
6061458666
6142819450
6039347679
7429406711
6062054476
6149467422
6113025810
6150137146
6153170187
6152158411
6157674115
6148405347
6145587369
6085666389
6148451907
6142431098
6129207297
6146160427
6115839339
6130947133
6149075730
6145318888
6042374111
6151196605
6057818071
6150265720
6138790312
6143834925
6149676253
6148952553
6044793431
6012476574
6011381969
6082570143
7400841010
6153962751
6146870554
6146069284
6155470093
6146214758
6077762840
6144539606
6147259361
6118002207
6149093855
6150134970
6090020197
6147591779
6076002946
6123492992
6147395180
6152863625
6056807764
7431560501
7424530359
6138782404
6104731285
7341289589
6150023771
6149041109
6147054697
6149839389
6147157857
7435708020
6158102792
7429407543
6149093791
6149833181
6120205662
6035979721
7249637750
6150015706
7401676659
6126984736
6127765669
6129674953
6070622042
6073087305
6149830170
6059095267
6147159934
6127221126
6118607582
6152995963
6108311886
6077960058
6096964665
5967566622
7359823349
6079245698
6148404259
6148876536
6133467707
6146169353
6144299047
6061239060
7407748660
6157032586
6050189997
6153424636
6149842397
6079504336
7270727347
6104197956
6157252740
7433699378
6154690433
6136367789
6156245002
7429350967
6133145738
7435090932
6146077486
6151194173
6106542053
7433214770
6033764037
6106017677
6040652719
6126230442
6122179118
6134637702
6149125456
7412771253
6146221798
6146221862
6142370304
6139077441
6152371137
6129356093
6060261207
6145561172
6155082630
6140474660
6021686917
6148128336
6147288737
7282826480
6117517946
6137426597
6148513117
6159130638
6057451306
6149127512
6147969686
6047291776
6150027610
7354875633
6085223015
6118124614
5980360128
6139756449
6157358340
6147280084
7399102962
6145275785
7434544310
6111056413
6059609912
7427981367
6155511501
6152625733
7431273461
6155989133
6156985738
6114444652
6147066413
6131487126
6071860055
6092932415
6123269614
6151576763
7406946548
6125790456
6146755108
6143839036
6125729230
6149993306
6151869376
6149022953
6119707170
6058356650
6150060744
6155114569
6159401740
6122497995
6153518923
6155076934
6149173336
6057140844
6146994661
6149534675
6149986395
6071163410
7413590322
6150591836
6068785981
6090389806
6121319471
6141635947
6159139150
6157001098
6116569058
7313960439
6147065069
6147387815
6140552107
6156921613
7428898097
6156077699
5463771113
7369112434
6093043311
6108654689
6124653583
6121818720
6108984043
6152644801
6146510174
6147389159
6149731779
6147073578
6139007621
6150514301
6130167660
6151706383
6153528386
6048282341
6148245600
6143963663
6127665018
6111378701
6156922061
6066231818
6147542334
6132158084
6146827545
6099853858
6150224092
6087949486
7377052214
6148622427
7431425457
7431892978
7329396147
6118218709
7392169460
7427760624
6150266296
6113318404
6002678177
6063126277
6125226624
6138192740
6159405260
6150044635
7418148272
6128432398
6147275476
6058740443
6076136799
6119813290
6148278624
6105765130
5906578278
6109678352
7429418679
7409734326
6146864024
7421669811
7432707765
6124658762
7425659123
6046356070
6135439484
6147069357
6146077862
6102466703
6115193763
6149130896
7428243376
6146019877
6065570195
6104521673
6137216043
6152784316
6126108155
6148609220
6126689647
6147088895
6119986532
6119871248
6149139769
6089236030
6027488138
6148412323
7376207414
6157689155
6050239803
6129485817
6113532348
6148120854
6058413630
5987310651
6142714662
6147435281
7430202737
7286929394
6118046933
6132409173
6105047114
6072638343
7418330932
6153748105
6121812581
6081007132
5972499677
6134730860
7433734770
6114543865
6120856272
6141924376
6148421219
6119450159
6040786143
6142582737
6102070371
6067455869
6149133648
6153489026
6145118948
6074824063
6142321917
6145615151
6067427577
6143371833
6155135238
5987977338
7429913269
6113787439
7434630518
6145948383
6149768861
6112373131
6109565312
6155130697
6155541451
6136119772
6152235007
7433738482
6141543594
6130942676
7432707957
6029387153
6145151981
6147716030
6065993639
6054396374
6087000970
6140202692
6128155848
6157046794
6159122894
6127897859
6156332804
6148129942
6060512937
6053388933
6013231742
6136961167
7427445367
7409341553
6155119814
6094112035
6074367438
6059319958
6155083465
7435719092
6062360703
6147301089
6147394151
6124886600
6145898025
6155493901
7435503478
6086042956
6127242527
6127704705
7432439218
6138207358
6122021334
6143906666
6109354555
6129083532
6150307133
6145895914
6067110116
6149181336
6149072789
6115683913
7435504118
6149767162
6102341480
6151676937
7428204016
6108541911
7435502710
6124536130
6047578042
6140013919
7424754359
6157005066
6120665721
6152686789
6147290257
7393054263
6149856413
6140019739
7396673332
6147954521
6038355495
7392699953
6153497986
6121586582
6008889415
6146117166
6124326139
6042592542
6149011497
6109759194
6147125226
6117647427
6128427990
6118674956
6099860371
6103245244
6150159930
6102900033
6048153258
6153513922
7428253616
6027350824
7293998899
6117338466
5995779972
7430401715
6060183889
6001795520
7391760116
6157161220
6008750264
6126588193
6139537039
6153064699
6132784207
6150640315
6057825130
6142406073
6048096455
6143297254
6057136686
6061525604
7428254640
6111951360
6079077581
6122959385
6143869086
6126862421
6140431949
6125300937
6150043867
6152191036
6147531723
6123691106
6109249050
6155105536
7404445107
6120492099
6123442882
7355362615
6063917228
6059478305
7431079218
6034802703
6103961425
6155237119
6159148686
7429428535
6147418220
6067603803
7419675252
6068254215
6147429145
6082162194
6122017405
6147127658
6155133641
6132688907
6107985953
6075436731
6145704720
6155440967
6149144441
6117339424
6145751609
6159368780
6113114066
6149183640
6148815443
6100768329
6106278109
6006977574
6080948994
6136201482
6131195937
6156973710
6146578019
6059749121
6145500714
6144566610
6157695235
6147221204
6144141460
6103227616
6154136127
6147344807
6106331064
6138384856
6140749663
6089766357
7433607410
6149096274
6154428038
5435194713
6149117727
6146750104
6126156174
6144655902
7434254836
6148022681
7426357808
6133010060
6079865198
7434691446
6149038057
6149494622
6145207392
7422794736
6129692099
6158999374
6088669205
6155138697
6148014425
6149862493
6148430371
6142823866
6141694810
7427661364
6147816169
6071552202
6148553434
6067961181
6158127304
6140713965
6156931469
6054562185
6150047322
6121449228
6117848457
6048270859
7426182960
6130428576
6149040041
6119248108
6057658469
6115687466
6156935693
7426539188
6147081389
6054318672
6068177199
6154284811
6095032383
6090124433
7434666806
6052056063
6075612202
7428256880
7428258608
6141025375
6151242437
6138260953
6118219866
6095604480
6149257528
6144755193
6125926598
7308281911
6066220249
6068981640
6153321663
6135564458
6062333512
6053321184
7333806772
7427036023
6150017499
6159014156
6150060891
6149144848
6149122271
6120324574
6145731073
7344339063
6142946730
6155141705
6149431743
6144189202
6075955526
6134126278
6146020161
5994552732
6153541442
6151562250
6147083501
7333686258
6146411628
6156440455
6007714462
6148357615
6145550781
6147061947
6147312097
6147272868
6141123372
6146888473
6077842664
7405185206
7361984051
6143170878
6094455866
6107570274
6020227549
6013093727
6156939085
6142032025
6156441991
6086834692
7422905267
7429433591
6145856738
6128489798
6118307808
6147421077
6143026727
6142722015
6122349190
6149528923
6146607307
6114272637
6052142669
6082674589
6150341496
6148027033
6144792808
6121232926
6128936935
6150653852
6151571583
6050039373
6125861496
6149499870
6155042175
6149134329
6116652496
6157176078
6146997989
6136676333
6139038411
6138897945
6147852676
6047463771
6149083797
6071177963
6054498786
6130775767
6017073793
6017426262
6070624454
6147134314
6114906695
6149557075
6130151743
6148027225
6116582881
6146541721
6139599828
7406805299
6127474058
6133797885
6052317076
6142665115
6147787868
6155087113
6146194539
6159391308
6148402775
6145297768
6148029081
6126230830
6077115626
6122134921
7354436980
6146179512
7430422707
6154662465
6146574178
6133581250
6134361293
6155154447
6147651731
6144791129
6078653866
6057581800
7424985840
6066852181
6128092034
6131696734
6113499474
6744168887
6054703126
6085373990
6133475914
6129472857
6151559117
6153074235
6132449220
6156447559
7431214068
6146600930
6155151750
6145857599
7435735988
6098950861
6159161550
6147317473
6113640326
6056715620
6155244031
6148327033
7432045045
6146528331
6151229501
6155702475
6146420758
6149154448
6142711133
7421037046
7434199350
6145432582
6148176278
6155151046
6061331710
6039690709
6115363211
6159423948
6143408299
7428884083
7435519670
6155687691
6113794209
6151227005
6059093419
6147319329
6147279524
6144125227
6095362726
6150875402
6068312276
6108423062
6146919077
6151229821
6092142097
6078220240
6153070331
6146141039
6149868637
6058121066
6147039464
6135199320
6149086101
5434775332
7372757173
6158698764
6149130591
6040741028
6149048553
6150350392
7408714549
6155249535
6145814557
6055978883
6107717841
6151591036
6071969251
6101172993
6073692800
6132635775
7405561330
6152688321
6141016024
6154784516
6087784156
6100059330
6124361535
6155696459
6133584389
6159165838
6148617498
6065036781
6155695181
6070390167
7346404529
6084213882
7402273461
6088651096
6149768475
6149134623
6066415322
7378799729
6135015907
6127527035
6149050729
6141232027
6066670155
6042576504
6115596102
6131376552
7336205365
6135179591
6121505048
6146276435
6147198063
6147585050
6055054820
6077789896
7435520118
6119986922
6147219778
6148033817
6150873675
7432615029
6146136238
6155023049
6159431948
6147143210
6151978693
6155253503
6122111250
6141388614
6120154559
6134736660
6154754305
6142471907
6153080379
6082040285
7427986999
7435745780
6147463505
6138806053
7428270768
6150353784
6151144253
6115561249
7398097010
6150058330
6156182862
5408102811
6023135086
6116344587
6104646550
6129599770
6123857802
7399551858
6145684477
6149112338
6148561030
6150434159
6119149144
6155248383
7319665072
6157714819
6147239652
6155114816
6140502766
5800467858
6153274300
6144172899
6154754177
6150117754
5968211180
6115575392
6149307678
7429445751
6147284900
6146899045
6023234046
6093608447
6149511006
6127314390
6145913803
6150664988
7428276016
6048248012
7411052848
6103645027
6150425536
5463390185
6148905490
6145034328
6147219236
7428236784
6147097453
6150006042
6058633252
7387549106
6137747263
6140173849
6122717073
6133416195
6060123798
6147984342
6052924523
6144930337
6126412518
6154754241
7402066549
5998153347
6078384871
6107869396
6147147114
6144291367
6100236424
6150633628
7432739829
6137105792
7360106679
6134951790
6147286564
6141740953
6159437004
6157497923
6147739529
6157717251
6143122958
6148415511
7435750132
7429446903
7359512949
6728328311
6023551018
6149169849
6120025513
6149163600
6155056137
5462704531
6046247435
6092181591
6143168913
6149170745
6146256550
6150064730
7360913392
6143941864
6080097954
6150668444
7428276272
6092749404
6134710916
6150034331
6140936915
6112435578
6149206104
7412247409
6147123606
7429495922
6139935840
6147472273
6149171129
6046490093
6117857950
6074751233
7429450871
6147782462
7431465905
6147784510
6150078747
6156952077
6149171065
6120381340
6101408618
6149126296
6158145864
7350892343
6117717609
6113815902
6144873624
6142134938
6077410208
7426988273
6149174009
6045720815
6147472913
6121893260
6151200509
6119454859
6152759557
6146867155
6071589007
6151853372
6073155769
6120911255
6150171322
6055943943
6092981960
6147783422
6124091808
6148043609
6067014938
5911982485
7435646900
6150219965
6123407421
6043165117
6151239293
6076399528
6104444951
6150662236
6149573523
6148193046
6148191574
6132572062
6127926810
6098874661
6150390191
7429220343
6113820092
6032699547
6034351054
7414026486
6147036901
6148361379
7345168053
6157723651
6150089018
6149501893
6085828296
7426040119
6067633317
6104729884
6147942307
6132917167
6076736764
6127951565
6151156349
6106073378
6150061019
6025991524
6149138256
6042637767
6038117783
6069258124
6059001619
6155637771
6150253437
6148318496
6150740859
6146130923
7433776050
6124017082
6128688969
6119295098
6146016640
6154521096
6075960255
7330041717
6149050409
6154466635
6111814554
6067389780
6092707538
7417644918
6155169097
6153475068
6156924237
6021851749
6147224595
6153277569
5459294560
6000857631
6146148718
6070895643
6109449557
6149104917
6150445167
6076193117
6149498270
6150449135
7428293808
6085450978
6083643909
6141512504
6130421388
6123456508
6133609787
6147043941
6147299428
6147243732
7433395634
6151256253
6053880004
6142843242
6146268646
6097115104
6038091963
6149109269
6149069353
6143348332
6111570388
6147113005
6117297929
6150453167
6125446283
6136518854
6136206478
6101701081
6147808598
7387940272
6049489594
6083745481
6103044685
7430950514
6149040013
5820508949
6057230333
7313026551
7435767028
6147106221
6149158815
6079142237
6138135103
6145651541
6148687736
6153342863
6037527457
6155270143
6144539000
6146244131
6157089162
6154381258
7432260214
6145538302
6144960028
6143516134
6068193558
6124451036
7350702007
6150454767
6153104059
6145600467
6102177229
7433789298
6153483644
6123727059
6138222729
6148055513
7407150002
6116226878
6129868636
6118865873
6059122202
7403642039
6131443148
6157040906
6116372350
7396261044
6132901665
6150198522
5429147546
7326399473
5970260765
7431480881
6139603733
7431453873
6149074473
6148403427
6123930441
6144883705
6153105147
6147431847
6147331860
6089965822
6159191566
7430415155
6130959326
6129189417
6144667117
6064349212
6147103469
6068593135
7430457523
6159006222
6147737214
6146065946
6128859562
6149901853
6135642636
6149134994
6113589825
6156102858
6150208220
6156478343
7430458419
6147801854
6115661270
6128295825
6149162463
6152668741
7351638647
6074038795
6147461676
6060751109
7367153137
6140007638
6148555667
6132661009
7405847152
6063292904
6149117077
6155150912
6158163528
6147118445
6154054855
6149589843
6150062427
6123463143
6156316429
6008755003
6074722794
6036276927
6014978578
6147802622
6148137886
6140316810
6080689516
6150027375
6066845309
6121641170
6148329943
6152932294
6149588243
6130222923
6147788040
6147618077
6083534520
6145077483
6065994920
6141363667
6149157151
6146363153
6153811199
6155249407
6152421701
6154574851
7415459442
6147458244
6119282788
6150372591
6148023321
6141619268
6149980591
6156479239
6139097771
6147225684
6144190633
7431480753
6153578754
7435549942
6115668896
6053467823
6150650268
6149163935
6028027357
6140719777
6126672521
6143858792
6155185222
6147412281
7353486768
5981699579
6144173483
6154813572
6148938064
6155184009
6146167086
6157036810
6158166728
6152414532
6074394497
6137435221
6147038031
6144577470
6098364047
6147384935
7329250931
6142878981
6154065857
6092629156
6126322027
6063122520
6156482311
6005094073
6101922788
7407775799
6138510435
6106622554
6127134867
6159197774
6146164846
6126555557
6153242876
6149202648
6092525783
6150093595
6124298655
6131018648
6144810256
6147650046
6149581651
6131323247
6154040903
6146637282
6105307835
6147064872
6145388756
7433930292
6123244701
6133277768
6146736350
6155178182
7326141493
6124119573
6001336936
6140250152
6147769214
6105872743
6076412638
6137935812
6155736971
7323089716
6054686673
6117065918
6148390563
7362935285
6132734840
6149127378
6149539934
6065492872
6130420619
6083793733
6149069397
6146135324
6148404217
6149123216
6062614731
6095430436
6158469134
6146389671
6143047314
7429012849
6128069202
6153363327
6133813179
6026052490
6120362256
6125949699
6085145359
6132121084
6146639330
6144022563
7430280693
6111427853
7313754103
6138381835
6130270335
6155189254
6059361762
7431482225
7341746737
6086852800
6051858369
7360703860
6147800005
6008798971
6159464268
7390665970
6155340420
6014332321
6013611109
6121820379
6106474145
6140749398
6147340820
7401557360
6065269476
6064375992
6046122210
6144631672
6129781215
6071767779
6128363862
6156488327
6146950250
6100854685
7349800566
6152155135
6146359443
6147215844
6155189830
6147074536
6051703833
6149200121
6083417664
6142140965
6117792236
6154251657
6092017189
6149086352
6147075048
6149808009
7271741299
7356927350
6074326501
6147499345
6031018264
6153640582
6156461386
6148479907
6155193807
6083611970
5989816589
6146379283
6111005988
6159200206
6152671045
6149202297
6154943943
7423754997
6149193488
6146846366
6135498681
6150134853
6133613439
6077197759
6115395067
6154792961
7424094961
6146283238
6147333396
6025999549
6157667528
6144132382
6144868710
6146635433
6155199247
6128308884
6079674204
5996006299
6154018697
5416709562
6001498406
6147060837
6124944185
6147181802
6111134235
6101496083
5986946515
6153850252
6093683449
6156987533
6148771689
6153718534
6126288299
6153116987
6146544922
6055286945
6149236760
6071921647
6149128405
7282557046
6080204995
6151173819
5993472454
6144716653
6122296597
7387199219
6081618654
6149912797
6144886754
6012963989
6126008367
6147033941
6133901726
6146396842
6146367887
6146795487
6146290342
6146596829
6147355290
6061649309
6157751619
6147413566
6120205369
7425682225
6127164899
6147362007
6063725697
6125509371
6066151144
7427210675
6148987611
6132525642
6091184253
6065391623
6134549253
6079209260
6146241131
6094393595
6121752111
6149148946
6107970759
6138018661
6110925501
6147365665
6146775722
6157753347
2038666044
6136920420
7389798706
6068032804
6154795905
6155197705
7429483255
6136920990
7431484593
6109333794
7431498865
6135754724
6056107865
6038023013
6039605968
6156494215
7346756080
6038558714
7431114866
6128693646
6146119196
6150111195
7319819122
7430748533
6080482983
6147132525
6148484067
6061586268
6142087779
6082457409
6120804827
6124416193
6035505658
6149237336
7290479410
6115989589
6064252767
7396275062
6147477740
6147698153
6150010250
6144148197
6111458331
6057562984
6134223578
6159455180
6146876112
6082707027
7408845936
6147183338
6149206521
7428503159
6105486616
6147133037
6157429700
6148123808
6022466645
7432726325
6145525345
6146305062
7346017457
7432793141
6155310847
6097350367
6150237882
6127785992
6124044058
6159222286
6146536402
7433757298
6152071937
6149256728
6111788498
6146077085
6147098088
6150129243
6144469672
6091897950
6147200618
6149080277
6110736001
6147517521
6148681216
7410427956
6147093889
6073713569
7429527537
6148973968
6155217225
6149496859
6156515271
6150443503
6147838078
6148280617
6066294189
6006762829
6144037295
6052136600
6156513671
6119313125
6147478375
6151170048
6071838043
6142695650
5426248511
6157442052
6156515207
6157125130
7431516401
6133056135
6074849538
6159485388
6155208911
6149151509
6025289768
6155061248
6153140539
5401602645
6147177450
6147386849
6146200238
6148470103
6062985121
6146831976
6147068197
7348287793
6150131611
6072901230
6159482508
6158199560
6147513430
6156517191
6147018093
6152791877
6096683941
6150488943
5989619911
7433825586
6031245009
6149167135
6149938781
6158200840
6120373449
6139993667
6158008264
6039864167
6157921934
6146313574
6136293922
7432797109
6145815716
7435803188
6147552791
6121289248
7428566068
6155773131
6067890589
6105743339
6156487047
6149099113
7337745266
6147999065
6157451460
6150132955
6116325742
7431508401
6148147538
6093952145
6063944080
6138113123
6144414120
6148470871
6153701838
6155221193
6127928730
5462736733
6060236990
6134864773
6148244886
6125144645
6149212537
6007279275
6141224997
6083406472
6153614466
6148005263
6153614082
6151296573
6092700641
7431517425
7405737012
6134615449
5455151322
6147460519
6111893587
6092166397
6062961683
6156518279
6078782624
7428335664
6148497542
6146062485
6146886863
7435810036
6146311718
6158171912
6147367700
6149061456
6129044571
6144867220
6146187950
6147210026
6143356635
6147227427
7409450743
6155169216
6065804450
6149176914
7347860914
6065516267
6139267304
7429511351
6156497351
6094405355
6132763175
6074497732
7381295735
6129078363
6147358804
6146086114
6149245464
6146033517
6149924303
6106597496
5463236378
6147085541
6057867323
6075329052
6072765776
6148623570
6150417592
6136525154
6057178985
6147394017
6053705059
6033632102
6133694855
6150130756
6063218235
6152021766
6105426412
6145417536
6152582789
6134102657
6144706524
6155949764
6147378196
6149145490
6125400890
6150806088
6147846590
6147086629
6147014978
6128557390
6139758184
6089812369
6150513308
6147158957
6035621567
6129441464
6147846974
6155193167
6149858863
6146037862
6145529900
6140867911
7429514935
6140424226
6159230350
6145232558
6120689884
6155755787
7378933873
6146209390
6152255996
6146662818
6127871713
6150140699
6149117865
6066768794
6138392020
6147213674
6054354773
6146579491
6147632210
6125401214
6152820549
6154812801
6092236216
7341870578
6143061152
6112471885
5428180034
6150500079
6146657583
6157541262
6041658203
6134543961
6150500015
7418428916
6123197830
6146777426
6112125887
6143831994
6142305119
6119953111
6133434468
6137705931
6154602176
6150731996
6154826305
7435817716
5462564730
6151090172
6052241922
6005378209
6069915678
6116319868
6091092501
6143611308
6147213610
6098078703
6106928120
6150732252
6141053441
6157460932
7353036721
6003555132
6122882770
6147217514
6147165357
7428342576
6122636825
6038441154
6150503279
6148603421
6154935627
6144661868
6146884496
6141084251
6044656100
6150734812
6151170757
6018258516
6147511020
6147384084
6155196160
6069251093
6149605139
6094105537
6146323046
6146820307
7408813493
6155197184
6147624855
6128350890
6158491084
6153623234
6137661346
7435819636
6150839689
6134093192
6065728063
6152915585
6031490872
6080371923
6038839106
6129325253
6150251130
6148567128
6154825857
7427270964
6147135213
7428351602
7394610421
6149922205
6147749386
6091634247
6147388052
6148077913
6133294042
6075862474
6016094798
5988671981
6148258774
6147514092
6075103532
6157013837
6077016292
6146763650
6149240539
6148667347
6086315224
6136229195
6074723855
6125385348
6144074640
6068147706
6155235590
6147388308
6122767593
6156530823
6126252255
6149202364
6147494375
7425896823
6147757136
6137968426
6153456188
6149589598
6056993939
6041088668
6150128602
6147538257
6157147978
6132060415
6150149659
6146210670
6093153894
6067421643
6096117714
7343477494
6108613083
6149939741
6157144138
6109031254
7346997620
6087198697
6132672705
6153530172
6146678882
6147539089
6154804799
7400878965
6008564543
6116798160
5996877789
6108025310
6145575098
6140279498
6146451427
6066579705
6017303654
6119191838
6153597314
6144793835
7396976758
7318925041
6143086638
6069511238
7435600694
6149590430
6130182826
6159241486
6155121417
6154835585
6073449722
6093537407
6132386837
6065973917
6150020316
6128758153
6146920184
6147212772
6126726671
6079696515
7353740086
6064595354
7362134965
6053720568
6129335327
7311078256
5968470284
7398322672
6147360276
6157790211
6155565966
7432831990
6143563554
6153654799
5820184136
5972817006
6147397025
6136659018
6155332607
6159241614
6040084387
6153043195
6054692206
6150382520
6155239049
6062778793
6065664145
6095444509
6158219976
6089172646
6132925898
6150738332
6153101692
6075650148
7276108657
6094745752
6143837523
6146299494
6149220432
5425133865
6085863962
6040099171
6128552789
6129935307
6149209721
6050846526
6144349074
5454021087
7405443376
6153338822
7343904309
6026723385
6106759629
7430646770
6149239097
7432815925
6040961243
6156871684
6065308048
6141623471
6147122088
6110087805
6148524835
6147066917
6154024137
6124141677
5972227196
6074416777
6126166118
6155242694
6105501373
6157966728
7428583285
6023794668
6140090907
7435465206
6147402587
6146244715
6136725705
5989697467
6149805277
6147076520
6147219628
6130622368
6124035514
6126417110
6128949193
6067649288
6149642707
6150406460
6146256573
6070213225
7428353776
6153160768
7398709748
6149651613
6010339616
6147916985
6082735150
6131537429
6154045071
6149771516
6120995216
6149249849
6133299790
6146818578
6155774723
6049585853
6071148373
6145219695
6145883676
6155234183
6069350959
6146688994
6149870154
6144367022
6153319680
6147341904
6148495895
6066824219
6149132841
7318488631
6121340861
6126793633
6113697310
6105909223
6150515183
6156031812
6149649043
6118067598
6001940514
6022186400
6058285227
6156711310
6056321805
6152754242
6077963468
6013045735
6150973773
6157153226
6140975809
6096542013
6150307420
7431321585
6150438328
6063457234
6132428254
6151930755
6149184643
6147296853
7435815924
6149136489
6071908237
6141630905
6149136681
7435833780
6147381217
6149194258
6147865534
6056624239
6111613760
6075561195
7426202039
6153743942
7432353398
6157165514
6152944463
6146204185
6147422049
6060574137
6155627208
6116361707
6078266727
6089314821
6059777100
6155261135
6144201903
6153603138
6148280918
6125265726
6149189781
6155356622
6095387774
6153181051
6116877858
6026269980
7431557361
6147380772
7430499635
6155262223
6145981804
6159533452
6147122595
6132591109
6047717485
6052092217
6040265172
7426876912
6119796236
6152345155
6029702600
6149666835
6080047658
6150282040
6147122597
6155240271
6149289112
6070609914
6147386852
6153168635
5416336976
6151473295
6155193472
6151015612
6069370156
6099909931
6145744623
7431551793
6147564689
6092022754
6149610142
6120372813
6155261129
6076688761
6146714466
6148151370
6157169034
6065487809
6049742874
7322944311
6148373306
6155265871
6076695101
6122878679
6150522927
6153635970
6144205817
6130955196
6037148559
6046756973
7431802612
6149265936
6148456663
6153653506
6150137916
6159527884
6147123557
6157052365
6150891772
7433408436
6151346949
6147522791
6147543340
6147543276
6142472873
6151340029
6140979211
6139960814
6137941036
7429231287
6118250691
6135724612
6116528511
6072950440
6048185228
6116535422
6078756539
7351294455
6079589974
6048351950
6148992853
6150597532
6079140288
6133427543
6146647110
6155257478
7384033655
7431548465
6145194664
6155140991
7410982384
6153654722
6150457208
6157495364
6149307288
6149146735
6058084876
6150146554
6122376265
6157495300
6148415264
6149981917
6156764106
6056607639
6103668396
6070613065
6149309080
6074610789
6152859653
6149267024
6139269607
6155232320
6157955592
6147146920
6147426648
6157160138
6125274599
6022645678
6149974493
6052546015
6150285626
7429451575
6115100411
6132892748
6146310827
6147392612
6157177930
6155268431
6156549447
7408574902
6149309016
6133138181
6147721690
6147212458
7433808050
6148539299
6149268944
6155269263
6074168978
6052851998
6034178536
6146311339
6157038413
6147458897
6154491981
6159271246
6149985501
6148139289
6152862789
6146340006
6159271374
6149231903
6057162798
6147148072
6149674067
6146695522
6147207469
6120254944
6155174336
6085562478
6157164042
6153189691
6012994751
6147150695
6132884867
6146312491
6159272334
6146720290
6148421600
6149252921
7427038327
6154867713
6144607001
6108398306
6139628885
7430537715
6149213369
6128221217
6149180245
6068882719
6147227306
6071696037
6149248351
6141439265
6152864005
7430636597
7290332400
7266573747
7435860788
6141056737
6080095445
6149313816
6150291578
6143010775
6063664075
6078151722
6149171794
6150291642
6155272006
7428382832
6155271558
6149268752
6147891966
6151598285
6069032028
6148557539
6150183323
6155253455
6149197650
6157502212
6083381677
6149237023
6105270115
6146287723
6155196415
7429558007
6056659933
6147890686
7401836725
6148558307
6149279353
6144794222
7435862324
6144829201
6150176922
7430825650
6111097495
6092890093
6120480637
6142481424
6144388304
7433548598
6113208610
6157734659
7435631542
7431565617
6154821761
6056984155
7383434288
6149250975
6153182011
7432723252
6147334974
6157158730
6102669093
6147533543
6147177837
6148560547
6150185691
6147156007
6150713436
6157066957
6146318251
6050122645
6150544047
6154743425
6149663379
6153924426
6155239936
6153665090
6027835603
6120262880
6143992248
6157068685
5993430211
7433082354
6127393451
6146367014
6155790283
6110348183
6063929466
6148146201
6149318552
6118505250
6150703900
6147443681
7372534576
6131279757
6154873281
6146399697
5975259538
7435395062
7369167093
6145881953
6143399214
6136370556
6141320017
6147155496
6151311165
6155801163
7431569777
6149265048
6114323226
6073697033
6074655398
6117854892
6122319594
6148297430
7352644017
6098388356
6109553175
6147553388
6153200763
5445645390
6147874366
6143906515
7402918835
6067670636
6152847557
6147064101
6064339735
6141488172
6155102854
6067976485
6126228204
6152430340
6057446667
7430555955
6150960896
6153668930
6113854483
6053329553
6153475004
6148430304
6147399716
6129908736
6149275472
6153579068
6149207378
6127373253
6104100396
6148429664
6129504622
7349593392
6158979726
6074525781
6080143950
6129172544
6149255327
5446003075
6126610831
6156575431
6073464712
6148744912
6147221165
6135948495
7433887794
6153580092
6153199419
7366440368
7086045620
6010285574
6155246656
6157067149
6145295780
6091446650
6146436386
6146373350
7381822837
6073927545
6152873989
6147332293
6120677023
6143422637
6128355617
6076044744
6147449127
6152146433
6147429844
6154189312
6148270586
6146292011
6148556195
6152873477
6133655544
6123450838
6049694017
6144416670
6147548632
6148531543
6150522287
6090612576
6076843594
6155228431
7432336053
6154646855
7433686578
6134897872
6155246336
7419147319
6076978271
7427153716
6148531799
6155825931
6146730146
6144570022
6115221866
6149245072
6139032993
6147262762
6159283854
6110150977
6121349802
6151609851
6155284879
6146734242
6151754050
6155376319
6148567779
6118801356
6125571974
7431576497
6078707240
6142300009
6148114329
6147223789
6153201403
6144990950
6114322444
6148534935
6158263496
6054698285
6152877189
6125813904
6155251200
6148155673
6125630406
6152535693
7431576689
6137364514
6151357309
6155805642
6155243392
6098952219
6146489580
6015230751
6114924502
6147563244
6053549533
6077478098
6124861226
6135607929
5970556688
6108757677
6112068877
6147225197
7431747762
6126511840
6002371858
6147563116
6083431822
6150475832
6028416225
6079477411
6129119302
6028905636
6105996692
6149280848
7350923895
6147317921
6146101998
6149977949
5437520327
6112094491
6148535319
6150553775
6148571171
6113370342
6147538663
6056088217
6128487496
6139430116
7373523571
6138326694
6069738530
6075874598
7427059952
6068722433
6062342876
6126539351
6149287696
6107461974
6048698772
6149963781
6042344968
7351552560
6152873797
6148379536
7435645622
6149604062
6062840443
7426045424
6125757007
6116861866
7423688369
6093869991
6108488676
6121666124
6150306168
6116203690
6056710648
6137839723
6153676930
6157520580
6117321391
6155379775
6147227693
6119429417
6146759703
6146738338
6155384127
6064453833
6056234907
6075737222
6152882757
6148440544
5458430309
6152338637
6136884807
6123158251
6120823266
6092413326
6139598860
6118463435
6154992141
6140329935
6157751427
6075932739
7432868277
5428338330
6147414548
7404898999
6153679554
6147228333
5996266912
6106355942
6078288782
6150791068
6151278717
7435638838
7350696949
6120354424
6149693651
6032935070
5454059834
6138499818
6044398446
6103926463
6120540900
6150713756
6131332303
6141305168
6147232877
6135214096
6109110739
6091853727
6148571107
6153017615
6130643022
6147329105
6071061315
6010977400
6147150757
6147460065
6155387263
6155297167
6142073621
6155296335
6134265629
6155277056
6155317583
6148463456
7429583799
6138680907
6150172920
6139090020
5461506023
6149301497
6074949157
5985665630
6039155409
6149201321
6150802076
6118375327
6021860586
6151427845
6147437668
6149201769
6147617233
7403149108
6155298511
6112738406
6159312398
6059049748
6021184465
6153708226
6067405098
6150212315
6147440100
6144303057
6151348733
6129282848
6139904991
6083058199
6143690600
7345873203
7428417392
7432889781
6146891264
6141656362
6148564439
6125791840
6154915329
6125666342
6020400403
6116449000
6061684941
6150813724
6141413740
7429589431
6147786364
6046734282
6155952455
6150872509
6099969044
7415971126
6146405158
6130531882
7435675062
6145427862
7395668789
7260608822
6068559063
6147619217
6154493249
6158730380
6061685890
6148181337
6140174177
6141921155
6086957715
6146409190
6147854846
5968358525
6147932286
6146754658
6149256978
6155552451
6154902721
6150145050
7361954803
6156601735
6116212902
6153251074
7429240050
6137402882
6081449298
6060217530
6107984487
6139810976
6157110157
6159590796
6108301800
6150586351
6069233023
6119527696
6153617276
6149091769
6155148544
6143141083
7389889653
6126905705
7431613873
6148564247
6041426117
6147175333
6151395005
6149685779
7341324849
7432081397
6146410790
6150303034
7427882416
7430579827
7428861429
6073906457
6027802300
6064331751
6064551126
6144741230
6079406430
6116614878
6142978206
6147245293
6152911749
6149669982
6041227598
6153242491
6149207593
6157867779
7431586609
6149253461
6150817756
6147621649
7432895669
6153239547
6059799193
6097743449
6073061001
6148694278
6147884870
6129089214
6149220754
6148469856
6146768098
5447914770
6154919681
6149323536
6139238884
6122997567
6147944510
6077587328
7393340850
5971409471
6149208233
6125351464
6101944841
6155405951
6146637474
6108003108
6145620241
6149211561
7435679286
6149210409
7435911092
6148175705
6007228705
6149723859
6064527003
6138164462
6150031197
6156376588
6152915333
6096923589
6149303071
6149292944
6108559376
6148175961
6128284130
6149193449
6147187304
6056448657
6150003997
6142507208
6154870669
7349847408
6122829278
6139308624
6150334010
6145309821
6145995897
6075352070
6146021050
6150509496
6069786648
6153246779
6146178798
6008443731
6100883823
6147584039
6147108921
6138155592
6155405823
6157113037
6141791658
6074859070
6091815464
6157554884
6154924865
7386923763
6072338494
6126040350
6150541615
6041762687
6114347898
6154706888
6150233647
6149333753
6139473155
6145732397
6151270397
6153732803
6155333327
7433666164
6157239562
6068434470
7410161265
7395766771
6125044250
6116067857
6153989830
6113747467
6147629713
6012366243
6147075109
7290450807
6147154405
6146772066
6155421823
6150594991
6147496033
7431764853
7430607987
6149677854
6158302920
6158302856
6155997639
7428437424
7435659318
6128092809
5459127488
6150517752
7428022710
6145330425
6157871820
7433859890
6044043757
7430608051
6149261269
6146550380
6141364575
6129863864
6149312697
6138809145
6152201729
6154766095
6149315167
6153262971
6055747930
6147459812
6118324765
7430564851
6155234496
6147271149
6140203028
6135796104
6091676397
6151412733
6082985040
7318547831
6065579487
6130185169
6147193253
6150835612
6109661339
6129617094
6147188904
6146092422
6134799864
6148625699
6064563681
7423551991
6053602641
7434188084
7430623923
6148023337
6136421764
6069437020
6120004666
6147840190
7339743347
5458504517
7390220020
6044629338
6147218664
6150565743
6150823324
6153628028
6147144357
7400150896
6125797479
6145270504
6153237755
7430523699
6735230387
6157220099
6150353018
5996486274
6051354710
6141104918
6147612652
6156950797
6113604967
6149371800
6128047511
6147490836
6148578851
6151413885
6123949253
6141128275
6151479483
6093747665
7431846262
6129646598
6149691486
6145339970
7433746418
6146428614
6059920976
6149230249
7389631859
6142829114
6153638844
7428412336
6150213530
6149556015
6147602023
6155057353
7429626423
6146437094
6150104474
6144636246
6148492896
6156027342
7344604087
6106683389
6118031956
6145887622
6154933633
6150254619
6107105508
7428360304
6156639495
6075030658
6082608137
6076888652
6146885413
6047943772
6068442462
6155892299
6061814341
6152484156
6071463197
6157131917
6119987435
6147490644
6140324718
6147611372
6155125958
6157675468
6075131881
7427662455
6156641351
6157569028
6157258826
6150808668
6110848593
6074718266
6064189222
6043628622
6148404576
6124163881
6149355257
6134783558
6157489544
6139930769
6147502305
7431643057
7428450992
6124510906
6149280725
6152803399
6149694494
6150801948
6023490914
6076394511
6147226344
6074679049
6123994836
6007568957
6147349176
6148634019
6130761068
6148343830
6149354809
6124026067
6146443430
6146327726
6148221337
6057245584
6149276117
7356476785
6063221679
6065613517
6143922692
6058407186
6129267045
6147497044
6103836387
6077801360
6157261706
6148633827
7433024822
6150365306
7349054454
6070693469
6147287533
6103275153
6110055191
6147920382
7432924661
6127098194
6144854689
6122492569
6157224714
6150003133
6149946717
6149359097
7432925237
6154948225
5989737144
6146083430
6148078243
6147432399
6146342255
6146682138
6111784441
6117669370
6155255561
6147496468
6150054109
6150248282
6149284565
6156697412
6149298514
6067775262
6039549858
7330964982
6136366956
6131433794
6154266175
6124991337
6075606941
6062386603
6122118307
6152342341
6154950657
6149748243
6124311455
7423206643
6151428541
6132837194
6148596905
6109993767
6096450622
7336543927
6143801157
6111608138
6076468410
6157518020
6131965390
7433313586
7345862128
6155315463
6129076564
6111786502
6152685755
6109022917
6151415741
6082110864
6057650507
6048240643
6155346377
5987854806
6150444024
6148602199
6149916933
6147751301
6145104542
6149120408
6147097445
6107319961
6129117779
6134228749
5995292589
6145811295
7270903543
6047913306
6094662332
6150252698
6134138336
7431647217
6145137687
6138581546
6155150656
6106152966
6079832390
6069572345
6148303510
6148363222
6098307584
6122298502
6067956879
6038444384
6158320078
6143257579
6146068334
7435537718
6125029243
6146590831
6156652167
6148829461
6130620899
6149327263
6153700418
6027599505
6155345935
5871863722
5405982656
6157902659
7358607667
6050927697
6099620739
5982556392
6057609348
6138423853
6155341577
6147642592
6146269614
6147292973
6146396779
6137413698
6043199896
6124638665
6155268416
7310170992
6122949092
5997423808
6089036133
6116940415
6147557543
6114563193
7432928565
6131511843
6153181063
6157256330
6123943264
6134640649
6103017792
6129101935
6026267110
7425054385
7428442544
6149287966
6047374669
6124382525
6065291604
6076970849
6145651389
6153822529
6127673315
6145867220
7426426096
6149758035
6132011838
6157149901
6149292693
6158284104
6145307977
6148228377
7411917430
6119592067
6145711355
6149400216
6065049163
6147224941
6148074223
6111229901
6117806566
7431108213
6119762408
6034431407
6147672465
6125175147
6147654060
6153668732
6109190609
6089237518
6149157522
6147631463
6149260649
6150281562
6153329474
6115629211
6154960321
6142927776
6127650129
6149358751
6068039964
6155474431
6149776531
6125685577
6143657669
6159651852
6150285275
6152967109
6139840477
6149729246
6138264326
6083170854
6147236965
6155370822
6157927299
7428106037
6155330944
7429591287
6147667601
6155467007
6155469247
6147496356
6147130068
6148245017
6149309141
6149324946
5985140226
6143145696
6150857116
6157264202
6117295577
6155385807
6159654220
6107518589
6149359583
6148234457
6147343466
6148959260
5996446861
6149605214
7430894517
6147679441
7429663735
6031608616
6144303778
6147546081
6150071197
7431455284
6024620523
6126902496
6046068522
7414244914
6119080057
6128590703
6146252313
6150436811
6146760153
6159655052
6079391126
6149294357
6076400530
6150570360
6140232295
6153751682
6146561426
6046943233
6150291099
5442341363
6149263657
6006653134
6114390186
6149268137
6147470308
6147550497
6157607428
7433570678
6119280428
6150294235
6149423960
6119831801
6151461117
6148530528
6061245994
7435686454
6146459814
6150572408
6155477631
7433981234
6147459044
6147251496
6153290235
6147259624
6159381774
6087677331
6155382918
6143009558
6143467461
6111852793
6068208085
6153776642
6149357919
7435740918
6083119423
6155347657
7435684470
6149358559
7430607731
7431675761
6078202985
6121174674
6147241189
6127955478
6086722195
6155385286
7398060272
6083008422
7435741238
7373393264
6116026135
6087066884
6149785171
6129901274
5454362074
6054327947
6155353865
6149371216
6070645371
6141990585
6157176845
6092987212
6054516816
6157158030
6146360814
6149373753
6144379546
6050779995
6147558951
6145463975
6049209924
6147501665
6154584321
6064232851
6066040687
6111301195
6155303046
6122662508
7351356977
6147647143
6142030309
6146393899
6152597899
6118989511
6075831615
6147485028
6147646375
6158365384
6125854289
6149787539
6081438978
6026149014
6074441501
6154860545
6153300411
7435946804
6149396409
7433995186
6126672104
6145030857
6139533742
6050162926
7432381685
6147650535
6148261145
6144012442
6085997640
7435965172
6157189450
6144043134
6121996693
6155364934
7308223920
5991970336
6149127868
6131506975
6131036414
6058455657
6159368910
6153762306
6104284835
6149428376
7435953332
6151310213
6113013398
6066197923
6146240130
6108286999
6133264935
6146183430
6118022821
6124939215
6108929151
5985739676
6147519201
6151412797
6147651559
6045924703
6150406010
6149305557
6150633775
6157623300
6157621508
6155332041
6067904039
5896027337
6144653355
6132298232
6151413629
6146835874
6021303017
6150657327
6076831386
6148301987
6146133083
5982057805
6147289386
7344127152
6152960962
6157023693
6108993454
6118407583
6154992641
6068134786
6155397071
7435271220
6143571042
6076654993
6149127172
6140129571
6155389583
7343353203
6147271592
6144843345
6146836002
6147743613
6107362901
6149792659
6077798692
6150876508
6157625412
6044818531
7414121138
6151464189
6153767618
6153315899
6157566852
6154100038
7428475248
5981936057
7358166834
6149402745
6147554721
6076273796
6157627140
6146344159
6123425945
7419113460
6148518611
6150659375
6155184587
6149428824
6152987461
7345916721
6149347487
6146429094
7435796852
6149382984
6072978973
6149281769
7417927473
6150864348
6074294950
6150005455
5409110354
6007136329
6122825256
6149367353
6155393990
7426963828
6094867531
6146401766
6149282217
6113558606
7433979186
6147654823
6090189646
6154995777
7431694129
6149330709
6155346822
5987614283
6063490374
6150658799
6148646231
6140123281
6155812739
6128639592
6115726190
6157945603
7434005426
6148611991
6069636128
7435753206
6155380294
6150256027
6149397712
7432882485
6096210274
7245330611
6157304970
6149386768
