6106716989
6133954427
6137148813
6111176952
6131650259
7399875511
6131158806
6130692246
6105742419
6139628611
6125563656
6076066031
6130307820
6056446125
6132638148
6127611105
6130243946
6058161061
7415748146
6128270998
6073449722
6136595144
6124672198
6072327386
6129844717
6126091073
6131821023
6126165142
6118968867
7405096176
6099392527
6125421268
7410272949
6129360095
7409629105
6131323594
7413908278
6142221582
6134641669
6128813265
7410503857
6115267683
7344629683
7407104309
7398216048
6130469868
6084742014
6127254083
6104913642
6131522455
6130374329
6129797449
7410700087
6064333845
5402971547
6129012645
6095362726
7413019249
6102040089
6139056526
7413225012
6120705195
6122065262
6131304645
6100949860
6074483323
6104574622
6080057685
6131554064
6050535913
6106870782
6132309598
6131218745
6088267793
7357033460
7412659057
6133375502
6125513259
6053116747
6081142364
7338429748
6095375322
6125804260
6127862246
6118130605
6132563162
6132041257
6131322199
6126155798
6129116962
6104928865
6120567205
7403362738
6135851132
6118025386
6138320262
6130430567
6120558509
6109383898
6138680907
6115958040
6120093129
6128929963
6132163032
7416062322
6136413887
6109576726
6139820292
6074973380
6124197249
6127125678
6124927833
6131310679
6137687375
6118487692
6122658808
6090389806
6139598860
6050736421
6089965822
6063571652
6108544546
6029414238
6129401528
6125647978
7416650162
6121776546
6110703558
7415899573
6131101853
6132048979
6125139105
5409491252
7310935284
6113640326
7395004021
6067753439
6131904514
6098797344
6138266823
6129904483
7415904116
6135133436
6132042058
6133265528
7412601587
6098351976
6079980344
6049032715
6133146204
6116070457
7407906801
7358369584
6125138201
6107395643
6136166779
6114897285
6133175983
6056710648
6064020973
6122677782
6097182865
6129142439
6057758398
6105619944
6132227858
6132274320
6129198818
6060683884
6107898321
6069146702
6125527120
6130080917
6051946943
6128756191
7407309685
6135177097
6132123625
6130511919
6105832602
6137905033
6117828002
7415646389
6061283737
7404569271
6119836802
6087550625
6115252839
6132215881
6137247691
6139196804
6074028798
6111915272
7393054263
6137895563
6115440981
6065731416
6078501215
6056818334
6115486529
6113022827
6116105326
6133675725
6056482012
6093869991
6058637150
6128810862
7401582197
6134968321
6131258784
7393470834
6116935577
6096648144
6131265870
6057763734
6109679942
6118248086
6102732425
7398612403
6123218832
6129709986
6103026442
7375023668
6135669884
7390224307
6110128400
6067146795
6128511837
6135768201
7404039734
6117416986
6128540689
6094703447
7418221238
6124923477
6068640791
6028681181
6129979985
6108905694
6067719329
6126026472
6122307669
6121370377
7408848049
6067735377
6124264937
6039690709
6058286682
6009318494
6105002706
6122641531
6098042175
6030002001
6021010072
5974261152
7413457843
6128137963
6118083239
7394282165
6126272666
6137615296
6130888030
6121357779
6061406181
6108127277
6129431461
6126348666
6126352998
6134783558
6131916217
6126528016
6132525642
6138111168
6125237668
6118745761
6129898507
7398015281
7414514417
6133612549
6082570143
7412600055
7378162993
6115490981
6136687439
6134228749
6129606504
6130484332
7397162099
7366296503
6117679641
6117934895
6106572246
6122292568
6124265599
6085501643
6139176387
6076900604
6099558546
6120960686
7417206900
6130272353
6135485826
7348133811
6108107616
6064419719
6118783565
6127935649
6092921417
7356400438
6126603873
6102507947
6128444755
6129289836
6139159236
6042637767
6130459193
6131966712
6116899393
6061145425
6093608447
6071874821
6054774935
6124993797
6119754372
6117900654
7367709046
6119289580
6064233048
6047495811
6128891630
6124464671
6140162314
6110028768
6129485817
6132584414
6118604890
6132793373
6062443437
7413888374
7325741555
6054548351
6060675285
6058084876
6054318672
6098820053
6137374599
6133145500
6129567916
7412554679
6125202054
6137503119
6120561953
6098090130
6120323240
6124832292
6119529638
6116924510
6140002570
6134188354
7402769655
6114286695
6126984736
7356250614
6129777889
6138906952
6055872172
6142561292
6122060690
6074731225
6074247112
6085712657
6126927826
7414240949
6114899973
6066704903
6126166118
6072997576
6127731861
6138327430
6055684892
6083827769
6065395896
7350658547
7408477942
6102961578
7406082037
6097350367
6131268632
6032782190
6045484069
6060751109
6140012746
7376146996
7410270455
6131129109
6110832333
6121813406
6139066564
5441385813
6130183847
6063111333
6125046950
6066764002
6129877017
7408694900
6121462092
6130970362
6049877703
6051603092
7387729712
6138157120
6086938170
6022163275
6119407214
6048377768
6132881179
6128453544
6077884999
6032984517
7406766707
6130229357
6092354479
6102186695
6131799696
6111370921
6106399527
6128040492
6068387225
7414598961
7389631859
6128995627
6107433637
6111203259
6122492132
6104364013
6135021963
6129814613
6137843521
6081062137
6133555548
6071213088
6130440830
6127688548
6119556905
6132991098
6135352463
6133145738
6112366520
7395859381
6064191913
6126793633
6112219980
6131517501
6117324196
6135701698
7402983475
6066524074
6097905682
6134002813
6109385389
6112356166
7414512309
7358345841
6122131095
6132321414
6119184559
6088875669
7387940272
6137020032
6108488676
6075852200
6135791810
7390066870
6060710588
6128411804
6109261695
6051750238
6074681668
7411208051
6114019815
6049973133
6136906509
6090893118
6113535571
6096752650
6131982744
7411915889
6097494358
6130540186
6069636128
6116624585
6040208600
6136886280
6130952533
7358116982
6100091320
6071193675
6116576678
6129356093
6112931402
6083468802
6129536249
6132204905
7418837364
6073538133
6130190843
6100272060
6065615899
6051984070
6113101967
6026712782
6132139177
6022770181
6076836097
6126977124
6055179748
6119264595
6136679177
7412860469
6135017084
6129576170
6106679916
7410546423
6128642362
7411526579
6131843010
6138612427
7414346673
6130481639
6136354364
6062342876
6135676738
6083380170
6139371466
6132988527
6113725588
6132458142
6066415322
6139043146
7415831670
6085666389
6127925459
6122600996
7412771253
6077753466
6132173481
6071491713
6131548157
6130239085
6140617475
6101361023
6131568338
6121103225
6060539300
7360243889
6130346660
6132784207
7400919607
6117797020
6057524220
6116800813
6138075464
6132169755
6124839911
6066026365
7404445107
6115757783
6124709565
6131772370
6103735784
6096792314
6093466320
7373784884
6134126278
6121343994
6116736189
6131937426
6132298232
6133035867
7406582261
6067933285
6137207809
6113248648
6125106402
6039642281
6061586268
6073400015
6062398987
7404428210
6113366758
7414606385
6129023639
6131389692
6129309803
6127862359
6049314310
6109671891
6111308093
6062872861
6132399518
6116002185
6129078950
6136471168
7401940530
6111319783
6121431791
6107634030
6105500391
6133646987
6056286853
6136126651
6128978711
6131206313
7412259763
7407011765
7369846897
6080753432
6104405849
6132910106
6117669370
6129311342
6067298671
6115726190
7374433201
6129151340
6130345121
6119186601
6133139850
6087145869
6130315353
6132521950
6130406692
6095130466
6068285326
6051847230
6085845802
6128313565
6065719699
6136012751
6121575269
6078450878
6118783200
6053641545
6138388927
6138019663
6137933581
7404992436
6001445959
6103186262
7403077879
7352644017
6121749476
7418340596
6133260617
6129207297
6126555557
6124483439
6040652719
6130051437
6105554668
6129281066
6042705223
6006612041
6129616977
6075201550
6065449343
6131734713
6079199701
6103911975
6121461482
7344987440
6131396610
6044920296
6130375777
7400543600
7414351410
6129515426
6104988073
6089698725
6127719438
6120252069
6130214760
6136207817
6140056909
6078439578
6031111554
7413346545
6038621000
6119234666
6099188811
6045912251
6071005407
6118738223
7399814135
6115909039
6130282499
6130255533
6119385992
6131537429
6131017065
6125389533
6136352323
6129237854
7411634483
6130467411
6120741161
6131368095
5990830413
6114213191
7347933296
7398554928
6129001992
7410236208
6081212600
6134004106
6128859562
6130172394
6136428930
7410148407
6132200093
6139958408
7416515442
6120539091
6118047578
6128673830
6131159698
6133497605
6117176280
6132057210
6127983311
6127711707
7377424439
6045013522
6120456778
7380212913
6100347878
6137340228
6134781064
6125749018
6113938668
6109473408
6136359164
6138035274
6122527053
6138030150
6121173371
6131350167
6118823654
6128343460
6111107613
6075448786
6139181069
6116264021
6051327760
6052594433
6111829325
6130187693
6125479131
6093952145
7395653360
6117721344
6130857007
6063193232
6131728699
6134637702
6107316190
7417649398
5970942145
6115367405
6040652527
7325237043
6128320855
6123337849
7392731571
6044786754
6120135019
6115866503
6139614599
6108933148
6122343648
6124254997
6126370861
6122257006
6127222633
6136330187
6090420837
6123569555
6125966751
6127767131
6131358997
6136578428
7377892852
6126540307
6133229752
6132429368
7414625777
7412559479
6129934648
6118865873
7412553591
6136206478
6128105000
6102516424
6109642814
6129751973
6137182143
6132028930
6072775721
6129685464
6131813714
6137780545
6131621957
6130574937
6069651875
6115559032
6124448082
6117137832
6138435711
7412165301
7411025267
7411944884
6111881112
6134485261
7407406646
6133155968
6119973317
6132284831
6119698450
6123918991
6130379348
6056590103
6125657336
6068249900
6123126994
6051306877
6059905935
6113268795
6058812452
6123671777
6117307975
6079112224
6086073743
5977409531
7307977140
6137920649
6136502719
6125257964
6133677507
7400305334
6132955086
6119062052
6128719197
6142253260
7383131315
6053050218
6089546365
6125650218
6076902271
6114667645
6128159485
6059015335
6065234728
6079203805
6132375262
6061070555
6063334011
6125187182
6139009927
6117239078
6120642091
6108026862
6136784196
6060304137
6130187417
6122259224
6130270241
6102807550
6099975068
6101073317
6130310233
6129748190
6134175613
6083667016
6119537559
6060392470
6122984971
6131428448
6130826061
6125875547
6121636071
6129797177
6083465485
7389572657
6131733052
6059361762
6120183315
6100042907
6068526584
6126457198
6058892833
6136272462
7337255092
6103791305
6093183480
6118473155
6079933733
6131209759
6131276608
7407283895
6057631126
6127172715
6074723855
7342540145
5996698727
6132231225
6131421152
6119946385
6075325996
5973002233
7418104694
6131461359
6050101542
6091787602
6129258276
6106283239
6129949732
6063296930
6061843299
6109655209
6126765991
6096266490
6129605657
6034864230
6006288919
6130884201
6114239017
6073092668
7359694386
6129416557
6135610444
6129992534
6042440038
7415023606
6057597934
6066220249
6129446686
6068700898
6121892669
6130180193
6128239595
6130581308
6136250116
6140635715
6105361358
6111669152
6135537218
7405330358
6130632956
6122380798
6132569555
6137469897
6130516204
6130510956
7415930738
6122569635
6075129677
6134728899
7377278322
6140081229
6126210641
6128684828
6129437576
6128008171
6124831739
6137596166
6062921885
6124397469
6128308461
6069891717
6124713792
6122517803
7355742708
7345028464
6127930594
6127334045
6113159996
6130062207
6129233837
6057245584
6132238057
6130130853
6131517847
6058355423
6138261632
6086399309
6081007132
6139044040
6141296840
6116394585
6058920607
7329396147
6136201482
6129261249
6110648484
6125352426
6121541079
6137944649
6075726564
6077024136
7369818102
6089657565
6059095267
6087250573
6079580794
6135209666
6050189997
6113978918
6124688536
6097570120
6123651344
6130567017
6101650346
6132120041
6132811525
6050104209
6137736449
6121637772
6138059968
7412155892
6110561123
6137924495
6108718627
6094525229
6096585112
7385458420
7351358192
7409274864
6051009892
6122317859
6127723586
6134784827
6129886309
6127191442
7411483056
7393400567
6140654659
6095279142
6040776834
6139407884
6130467351
6136518854
6128120955
6139193800
6092800660
7408274417
6132221842
6130335843
6138157455
6092516830
6096731174
6130232554
6139121735
6066268183
6128268671
7415657714
6131665162
6137634125
6128988870
6079105733
6114022469
6137880257
6132667649
7415575602
6075451275
7347211191
6058895004
6069208539
6123460221
6116130909
6083643909
6107766171
7417702516
6086202315
6033991075
6127072517
6113787439
6123946202
7403332343
6124048787
6138024137
7416780660
6071641563
6054493959
6036260095
6078881798
6125616335
7411540657
6129409730
6130050953
7412422711
6132300409
6072628782
6128749972
6126403472
6132918076
6109852126
6136000392
6131949033
6127046786
6124462913
7400475059
6129748065
6103741208
6135015881
6129527182
6125446283
6124082784
6129958686
6111264381
6124903518
6126671317
6126844253
6127549193
6120225785
6077186982
6110179599
6138057487
6129029075
6091391515
6134969728
6130144106
6130630170
6059355995
6104277136
6116846248
6127437439
7412860534
7415917942
6122066113
6091820765
6039247632
6116424938
7362070515
6135895941
6118535704
6124988908
6130613950
6127597983
6130143314
6125008813
7407403251
6078629863
6076408518
6136799054
6110150977
6135293568
6072276108
6082674589
6126801435
6134539148
6139927756
6132266192
6129024744
6133118875
6131294240
6136049536
6126662076
6125603109
6132215227
6133877309
7418636406
6131974367
7411484336
6125476412
6139972108
6078653866
7408728887
6131941269
6129138666
6128820246
6054073557
6131600663
6116660774
7321548787
6080157657
6095466820
6124262742
6138776076
6082777625
6105582810
6131585431
7395959028
6083244157
6126466134
6130911038
7402223216
7414450994
6057968095
6130789640
6061261587
6066420371
6131314006
6118996812
6130998399
7359077367
6044236102
6132902747
6081046272
7409506800
6124297401
6123822941
6124850234
6080798872
6131584787
6131491936
6128660324
6127357218
6086173060
6138292552
6103184807
6112087006
6128787393
6070279596
6131407802
6136074939
6135930890
6129226157
6129140500
6134209533
6140845059
6136499711
6059985862
6046135032
6108915862
6132192233
6073453981
6055635389
7360132787
6118857647
7397010611
6130060565
7411516464
6125091881
6113921791
7375799729
6080310996
7409609524
6055765530
6137957128
6137956680
6077395294
6128700740
6111591591
6051711329
6119660693
7407229750
6121828071
6129328878
6069424835
6066834691
6105469953
6744450995
6066525756
6019501528
6043783200
6130466723
6135649595
5428204441
6069822355
6117336336
6074025708
6123620802
6039618968
6019035813
6132806365
6078663065
7348589557
6132362704
6076686206
6131148067
7332076082
6132362576
6132306834
7360584497
6057626003
6010294623
6136884807
6112176175
6128199071
6137526726
7405917617
6133455612
6090889259
7394487410
6095910600
6130550252
6063506780
6126019981
6125029243
6119882525
7414190706
6126971856
6138160196
6141374536
6117559004
6127847245
7253299376
6076405795
6117861794
6132628059
6050789437
6105622439
7405466610
6041547750
6070307897
6127457828
7383982903
7339376244
6133830108
6131279721
7290586420
6129627233
7417043124
6135179531
6112655179
7401310960
6136665026
6109742040
6083623805
6131213639
6132650049
6140812355
6121941373
6133019741
7403604850
6139813197
6128506574
6067633452
6127227160
6111910233
6128679972
6110474280
6038647659
6073001952
6065391623
6108778337
6077900189
6113030784
6120898344
6130608650
6061200536
6128448912
6126857443
7367211447
6132059989
6137230409
6130258663
7353357941
6120935418
6127613499
6128802158
6091479002
6131346153
6098284163
7401797362
6115581651
6127686786
6129589206
6116344587
7406223472
6128802243
6132893128
6085484175
6121598728
7415957173
6120152849
6113967418
6129647741
6127390568
6126810343
6126909857
7292186550
6128308884
7322193073
6120734268
6122628671
6133609787
6132444248
7411806963
6128229857
6021760548
7300799217
6072268928
6122909885
6053056360
6042576504
6064844693
5971440703
6128491821
6131997507
6136254523
6139371460
7379760563
6073998019
6074849538
7353001460
6136478338
6108774456
6122215465
6105408317
6108800853
6114265127
6110003242
6130945239
6098231184
6116325742
6087299915
6103568277
6115629211
5969887429
6132013850
6088287619
6121711689
6130081258
6106278109
6137073216
6056270997
6137175947
6129671889
6118250691
6118847527
6132844940
6085249495
6133724616
7345301553
6122179118
6130682512
6070401725
7415986165
6138296704
6081315076
7333524466
6129246822
6131077437
6132198936
6129724759
6120328546
6070684077
6078288782
6079644684
6117339424
7348563057
6129117922
6125530647
6081105819
5991624326
6126438037
6101316190
6140359491
6114512639
6110765854
6132262613
6129940393
6128485178
6108751633
6068883234
6055911629
6085248917
6104700742
6136659018
6137112846
7407769589
6129808292
6128974191
6133408762
7305998130
6131404169
6113361370
6119786453
6134927299
6132459227
6124513729
6100722829
5972978846
7412687607
6068115239
6129283180
6106216193
6035102254
7410422901
6139671047
6122975067
6074679998
6121734677
6131683648
6076970849
6032890072
7414494961
6070504830
7363608433
6118620014
7404323379
6129292624
6076680559
7399962166
6136643900
6078675599
6082960828
6126483104
7411494066
6123168274
7398097010
7407914292
6131394553
6117683359
6121532826
6078326090
6095451810
6138877067
6129960656
6081697378
6091893652
7418679412
6034482761
6131779292
6075382628
6137504329
6126769132
6124982973
6117060970
6121928901
6128196676
7387740913
7413939062
6043141201
6132269077
6074579605
5461763431
7382193141
6135809487
6140935816
6025836242
6111032731
6073692108
6128880779
6078038624
6117722199
6119662103
6121500072
6001450983
6054285293
6129799714
6114779458
6106082269
6047990253
6127354598
6137045899
6112859174
6113611563
6136579334
7408280689
6040008913
6103931171
6075975456
7401409015
6140670979
6118644547
7393172658
6120258616
6074751233
6124630336
6054754492
7416974578
6097760475
6081917324
6136881796
7335643376
6085382479
6129621351
6057867323
6059260463
6053558935
6131358227
5978772330
6059473954
6126426349
6063185465
7412339121
7384210612
6130424084
6069776412
6129849701
6121628892
6033780433
6129026386
6125163010
6133526200
6137698118
6060629484
6072739900
6134984586
6132317202
6123629780
6122354323
6137914895
6128777323
6074793528
6136188356
6054354773
6118601943
6118513595
6130462433
6129616276
6129284636
6137077632
6130553425
7410982384
6132393215
6127815585
6136685954
7415530230
6131277913
7360703860
6113783595
6036989653
6073786301
6132417363
7415973429
6117058705
7387191347
6140583812
6089728512
6079074951
6069040104
6063630365
6081666571
6135367687
6128124817
5463294732
6070370718
6127360167
6062156650
6060831822
6139099018
7358767221
7411199537
6074888515
6127826720
6115841311
6099786247
6124578887
7340203184
6133226884
6130645457
6133095066
7411425968
6129019435
6104964970
6123520518
6086042956
6102997864
6112587983
6138414790
6064424057
6129354950
6129360405
6073781770
7414687601
6132338553
6128468432
7391911413
7414620785
6119798096
6139381511
6138783879
6104645587
6104768044
6129755522
6142362702
5982096703
6122297054
6120622231
6103358117
6140774280
6128177469
6132331472
6125513322
7389373684
6030123865
6117703525
6123511399
6125175147
7398621808
6107691549
6107153763
6080235685
6129422527
6114074309
6070578317
6075802050
6085706541
6069174166
6137633792
6075453838
6035764058
6107319961
6043229094
7418894452
6105243560
6063325816
6073704923
6085978703
6130409953
6132136809
6129888225
6131333590
6063143258
6124843418
6122224495
6126412625
6132706183
7417122486
6074578249
6108155672
6135715141
6091707395
6130940670
6059999307
6056235296
6094817995
7412946289
6120362256
6132390458
6138336719
6131437240
6134937531
6135176143
6119012537
6128567019
6061518422
6057230333
6137468033
7410361841
6124629504
6132192917
6130521400
6024646025
6133311561
6130185169
6130221996
6137959360
6130513828
6107363617
6138340815
6014106924
6034415451
7354875633
6070084265
6138110147
6125636974
6067248550
6138422982
6120033643
6129391782
6132331216
6111499192
6142271374
6134876615
6089050838
6122295314
6120621601
6107985953
5972227196
6127934456
6131946247
6073597140
6128093211
6107277806
6109835066
6072228117
6133130671
6135213773
6128186348
6129917415
6105684601
7412994227
6137778369
6126935837
6074591430
6133161080
6089093181
6111818921
6058049967
6142374286
6117614422
6122977720
7418943028
6120476427
6081239939
6052578624
6109633893
6108038694
6132272213
6069903388
6140285514
6078124547
6129084572
6123844719
6138372873
6136284155
6133369978
6114568094
6128552517
6024679212
6085590241
7409690096
6124055645
6132676445
6075893868
6076145949
6127348584
7353308341
6133547064
6031895641
6133342211
6126975969
6133835324
7412334644
6132843266
6074549419
6122646231
6138330368
6138535175
6133050685
6140875971
6132027283
6084459690
6099336072
6058176889
6076253926
6133804925
6131852368
7414642097
6065832908
7338645683
6125919590
7411450417
6131928797
6106653051
6057771453
6125141098
6102777302
6122231358
6130336813
6133062426
6132626826
6130226541
6124968712
6105245147
6131511843
6140512259
6130324416
7410233271
6069155270
6127818091
6130609016
6079888732
6113101033
6139692999
6068525073
6042435434
6137818756
6136569020
6127641656
7351428662
6138727303
6128207380
6131672602
7410629875
7396261044
6132231163
6104873670
6124937986
6132334672
6132420627
6125265277
7414707249
6073793979
6130060393
6087380735
6140279498
6119267875
7290398070
7250072949
6115188557
6067110116
6111737671
6130147344
6133217978
6104397928
6067458233
6105844390
6075926124
6037970982
6134883078
6133901532
6038355495
6129567312
6068177199
6085373990
6091285004
6022059875
6131595811
6131382614
6132799966
6106515801
6068422536
6120452518
7403958005
6118607582
5426620076
6141713996
6111933983
6117290212
6130500307
6114466196
6140092301
6135532556
6140250954
6114356307
6075777439
6137105792
6006564991
6128290276
6129890977
6127952169
6133467707
6131616239
6091093477
6116861866
6127463660
6129355375
6129984084
6129344298
6132997341
6131491439
6137786500
6132379679
7408994736
6138269894
6136713602
6110900124
6129361070
6119470009
6120367206
6083792319
6113635631
6129669996
6076969757
6118908769
6131481120
6117937086
6126256162
6091633174
6138888907
6090315409
6121317933
6126672090
6122893990
6119179231
6104843385
6122769248
6134311622
6066499918
6127031078
6114639994
6108757677
6114298682
6105338846
5981817859
7411174128
6062196654
6053676188
6128529901
5971789253
6077205986
6121866240
6127832643
7412444211
6123423737
6128637663
6069616108
6039571611
6130572749
6130268138
6111863183
6133166940
7325450609
6036740196
6118316909
6125058904
6107671685
6130634365
6063866017
6053905190
6136261071
6119231460
6133506566
6117962604
7383814327
6070667973
6128706892
6109093153
6130437648
6071772105
6003622869
6140562760
6115709545
6121410668
7393979634
6130382186
6130751389
6130360557
6132331961
6132365881
6132159296
6131170009
6133761103
6122612116
6054451488
6119128363
6066567702
6117108263
6119986532
6109818388
6117057575
6125946535
6134937539
6122470844
6140619844
6074824063
6129250020
7412091062
6104185119
6100206461
6081889976
6001206299
6118425514
6140830531
6136058235
6120763602
6131723731
6133508984
6088669205
6065754500
6073916489
6130623527
6131824954
6060845905
7350244915
6116016043
6094745752
6127197179
6124840621
6130619628
6127955478
6133460444
6114770639
6123739768
6076545263
5973257305
6126375328
6070541191
7418668022
6088362796
6117160231
7414727601
6112260447
6074806429
6131247704
6102310203
6092986515
6054918753
6132011154
6125275748
6111378701
6121450788
6093490594
6124658762
6139734979
6108517970
6131239651
6093750112
6057558419
6132196613
6138173515
6736145847
6136678475
6100985417
6107137593
6133809468
6135432060
6128052710
6125473431
6131276024
6103004093
6132808990
7410449072
6129529878
7407858741
6139934666
6113770017
6121640859
6142079502
6124441805
6123070872
6139722503
6136074303
6131432891
6097554203
6111648159
6107178583
6131260568
6100645546
6119102855
6119458471
6126973957
6090786714
6130434028
6134528901
6075647906
6040399701
6130511585
6078151722
6125870392
6136689980
6053874347
6070325178
6123664469
6121439890
6124770284
6132358482
6127134867
6100083480
6088406720
6068568479
6075711047
6135521544
6128009260
6127191549
6126076267
6121273890
6136673407
7401222259
6068785981
6126667347
6069869861
6128739514
6130719378
6126951250
7407748660
6123522333
6134341646
6123971320
7412093810
6115267114
6063891452
6106848164
6056016916
6132825566
6114818875
7379886322
6070364104
6109965020
6126143322
6084963586
6078582700
6126223790
6066251795
6115497473
6128781924
6068802667
6069702522
6117820901
6132049749
6136098748
7418970804
6136372994
6140174350
6118802536
6125000858
6141603340
6130880897
6084945796
6137510221
6111704265
6123099022
6126843747
6138470605
6068289478
6128348047
6087850125
6112125887
6126960325
6113853824
6138415183
6130529167
6109803515
7396600822
6048678795
6131178072
7402175286
7323013748
6119457368
6140649732
6110301537
5459617086
7418697078
6139989709
6118293289
6100828687
6061855519
6086900803
7412196339
6065594443
6058594655
6133813179
6132111556
6131401952
6126248742
6074541159
6120134843
6133873853
6123930441
6137065289
6120027742
6107950630
7367215479
6132495812
6073699310
6128215648
6130527777
6113720636
6131325465
6047696976
7408169264
6131777375
6115297361
7359660592
6126556539
7341069937
6128428262
6131902428
6133485148
6119559676
7399334256
6066294019
6133807887
7292134580
6041023973
6042319151
7402550838
6138396623
6124264188
6048284608
6128839620
6133076765
6132056731
6130566109
6139825549
6122724452
6121042913
6071246492
7343927926
6130377553
6137439239
6073475595
6127368315
6137352137
6056173209
6130002651
6050846526
6124531037
6140650820
6136734402
6118668870
6106391326
7411453687
6129355284
6131223958
6138988612
6123599703
6132317781
6122293099
6039907163
6136517378
6120559719
7410146036
6036927997
6132950863
5978740246
6046069032
6071631645
6125451912
6125237167
6121107665
6134974343
7408574963
6061410305
6117066986
6033800062
6130070055
6057757908
7384697270
6131947102
6083084457
6129216168
7404862579
7395596855
6139150471
6118755792
6141067400
6117694222
6129012952
6127552185
6106789568
7378917173
6128931756
6117027949
6138382281
7362734196
7397225395
7392169460
6137958023
6128330068
6133275064
6060962647
7406268019
6129871077
6132714014
6119185045
6112048313
6116468078
7409989488
6040167333
6133205816
6104100396
6111506968
6122312708
6072471072
6125672853
7418176310
6130689617
6052939478
6067180946
5991373532
6134345917
6109340192
6132154718
6124610947
6071767779
6079540812
6128598608
6011571094
6123341434
7418290100
6073585826
6130583225
6069211073
6123173529
6039901150
6034916512
7411860084
6056968675
6066542213
6126808954
6131223504
7414737841
7358216183
6139482568
6140259146
6123682770
6137660351
7414633457
6115612653
6130539940
6118407583
6075329357
6131635858
6071718911
6112760841
6132098217
6063509529
6063929466
7346656630
6116982479
6140150404
6091208426
6007714462
6118752016
6128409069
6133361281
6124118662
6127274467
6079209260
6128238484
6080394495
6122869655
6044881922
6121559133
6031525624
6028112483
6131019039
6111292473
6129993214
6066860960
6132616378
6084969553
6116075025
6116321045
6138058248
6126428741
6119362256
7359073330
7412488887
6109934045
6130285665
7325041332
7405185206
6064668548
6073256510
7407021044
6129989804
6120945901
6130992382
6115090155
6129025617
6129211645
6129105608
7414529334
6070900036
6111853083
6128847021
6077147535
6138771467
6130558611
6133415553
6128338604
6123536102
6061458666
7418713078
7386358131
6075898634
6132326869
6128919818
7394286387
7374582002
6130689809
6105599450
6104274007
6125191319
6095950040
6107303407
6124491290
6133254682
7344861943
6126034426
7382631667
6048066576
6071716414
6136706172
6125308618
7411412599
6114505989
6133344539
6089529455
6134098310
6122482847
6130283512
6068665834
6129189417
6133642313
6053743150
6124390491
6133717871
6126166888
6029221759
6126168171
6132426712
6134507465
6128523686
6120677023
7417061298
6133346075
6128680001
6108467054
6137585484
6122355423
7402066549
6072934092
6079042592
6124747804
6131319129
6133177178
6128991320
6129953751
7402182449
6056727420
6132185310
6076742287
6120392482
6131193427
6092280418
7411423408
6120455758
6138172935
6140873736
6136507714
6027218924
5994608089
6093194565
7414750577
6124899758
6140469896
6130077229
6052988718
6135169352
6071149143
6120879009
6137018952
6092354660
6046378755
6055913176
6080108365
7318547831
6133494793
6035104699
7364142004
6132328917
6052568665
6038711632
7313026551
6114989024
6130080031
6104426838
6125636665
6125624132
6063758818
6136166587
6122918886
6129908155
6111418889
6124345069
6127855655
6127291995
6132011521
6069607406
6122457643
6046122210
7408825719
6074863053
6141441928
6121867683
6126481004
7327684980
6132938461
6109267065
6129554753
6129737903
7407827696
6095345565
6139533319
6041227598
6128204887
6126722686
6106237241
6097743086
6118505250
6140172675
6128712767
6128770914
7415430710
6138400783
6120467412
6122655942
6075614978
6133195133
6119782226
6130731781
7418695478
6130026516
7412278710
7400841010
6088156076
6132337360
6074287596
6056878047
6129252462
6091701060
6108540048
6092865898
6138761868
6121039272
6140603400
6129342875
6127792138
6079333386
6129027322
6131332969
6138963658
5995566275
6131385455
6123846523
6113591648
6104703638
6123029884
6102320357
6137323343
6133957386
6131732831
6142377166
6121866979
6123082857
6095760272
6007226128
7412649393
6136033089
6131182265
6135585423
6122109977
6126843904
6104554915
6131322296
6132925898
6077133247
6132829790
6114729346
6133212282
6122997567
6138958603
6134778565
6122777610
6042017363
6131605097
7419003252
6071355007
6049509887
6132337018
6129927596
6098169859
6119380429
6061612588
6120796157
6133356507
6134549253
6120689884
6115008290
7349824240
6090816060
6111662529
6086927635
6137306880
6126048075
6046599686
6107509094
6070899356
6114732330
6095508253
6110127936
7411499441
6109849723
6101484809
6094313912
6129907968
6130242199
6116978364
6114389022
6099954982
6103481031
6132770195
6122238759
6096901338
6065804450
6075537663
6131152041
6102108800
6130189719
7403046385
7389261047
6094874626
6107148177
6127857065
7406649075
6136905792
6132204435
6085053501
6096364815
6130296803
6126228204
6130692835
5968838281
6140697732
7412402420
6127924959
6065082028
6079160415
6138483844
6141741452
6125508064
6139760135
6077207461
6130683111
6127981066
6128734022
6118449668
6124781602
6113075170
6136464577
6138454729
6115524103
6129541478
7360736436
7415310901
6141029000
6108330722
6129678878
6077930879
6075538907
6065960541
6121422744
6130862752
6127135167
7374848115
6136019835
6126872417
6069147288
6122713690
6066696727
6137662790
7408312182
6033488979
5969007008
6128566050
6120106603
5457773187
6061863002
6116017022
6053529197
6132319706
6117854892
6097552546
6129032343
7417086066
7418330932
6127832720
6097862975
6132330586
6125377311
6123741225
6073154309
7412227895
7398031156
6118487851
6127536367
6137614666
6133856860
7358676918
7407486134
6066798179
6126844334
6105109818
6136829312
6131699344
6120608956
6090362946
6138941899
6063664075
7328808694
6107166625
6124732004
6120791766
6140692804
6087624782
6126661769
6086315224
6043180690
6132417936
7319819122
6133396635
6072411796
6136854733
6114275462
6045026278
6064315577
6069308472
5436385889
6110373080
6031293148
6133052920
6130559252
6139678275
6124115038
6123069966
6111392487
6060640033
6135605632
6080172806
6130277951
6130431469
6132564861
6062591269
6028481383
6094267923
6117434566
6116948483
7272332851
6100371692
6127355529
7389893298
7404693686
6132708763
6131913028
6056600135
6006006248
6102070371
6124198762
6073204175
7411547376
6132234874
7351908149
6018834250
6114368613
6125280686
6113571450
6010752523
7363580083
6125601166
6142468366
6107184750
6129508139
6132496186
6128367854
6133010060
6108638738
6130542943
6136273724
7414780273
6062890582
6115440647
6123706106
6075294208
6136798850
6117075880
6044391570
6088265930
6083582219
6129507563
6131350458
6048601388
6078563262
6102351190
6118176426
7329069878
6114123875
6058611940
6085213135
6059345559
6130008392
6124463784
6025505441
6132881630
6125237060
6131696734
6141799564
6086537896
7414620277
6086736136
6138611071
6130015780
6109675845
6139847052
6133500875
6130697895
6047202919
7418620406
6111580577
7374610674
6132253341
6046512143
6124450919
6116894294
6134194043
6129223919
6042786370
6070536548
5996136261
6124023297
6010874262
6133157789
6041757225
6130051744
7406239730
6131329095
7404289587
6080020764
6126174186
6132709534
7287891635
6130391338
6127266320
6116740751
6132450745
7350923895
6089773793
6055513607
6112298522
6067560673
6047728832
6053826500
6132433938
6123633861
6116798160
5966673742
6132418553
6123530813
7406852530
7399065328
6114584619
6129523048
6100869550
6062192359
6048903245
6127978065
6116438100
6074261594
6124721880
6136686407
6001279567
6103547177
6100059330
6092651512
6047455551
6119867351
6133443909
6069965847
6060922320
6050940092
6138045633
6095286061
6120066133
7397486135
6074093584
6098137899
6136916227
6127463833
6121243737
6126711087
6062591957
6123914340
6060881965
6080358790
6044633570
6075099339
6118047262
6078497676
6132657555
7373330804
6139655242
6021859902
6119221277
6130483175
6131645433
6059461219
7350398768
6092700641
6105932224
6123129131
7411159346
6075842594
7413018099
6138512646
6137697290
6131036414
6119250786
6129973790
6077019406
7345190000
6125704201
6116000519
6142677900
6121176037
7413878130
6121846115
6125701637
6130828640
6120619842
6129993280
6024722471
6109102631
7327393975
6126872961
6027488138
7417115058
6073988626
6130735683
6132490654
7391488437
7358869621
6117262375
6123851012
6059921191
6062043864
5447914770
7418744054
6129176876
6123691106
7380485686
6125187299
6137757897
6129846248
6125452096
6130825433
6100042693
6108929151
6133630575
6073968842
6116968126
6106024549
6059805396
5985739676
6127011776
6063427823
6049941889
6092887361
7374124724
6122558101
6095484540
7399520629
6078104986
6042867560
6097225409
6130601429
6131256544
6064681683
6120001887
6127958525
6058673247
6098439899
6123593465
6134000860
6065435269
5434117707
6123248253
6078546628
6121533036
7409798836
6130994735
6105632936
6083465295
6115944648
6061567462
7403980145
6138175814
6130650513
7408458992
6079441678
6127897859
6131736983
6093922257
6062825854
6118451740
7352681713
6120763896
6138049089
7348287793
7418264310
6132410233
7345168053
6113014525
6133645560
6117504870
5460384655
6129556390
6041673617
6110693114
6127994589
6056993939
6039591317
6090421074
6123225342
6115487843
6085241273
6045613890
6110040187
6064563681
6123644387
6100504229
6075546186
6130568084
6130953891
6135439484
6133227517
6133136283
6077361855
6132877534
6080740637
6130343060
6117735446
6015002285
6064708437
6121159166
6132575198
6140960579
6133776495
7287236530
6081578022
6135587469
7410705847
6129568993
6126099724
6052092543
6102494214
6077053308
6065993639
6133363759
6131399893
6115713361
6121422893
6133116764
6129114853
7408886966
6108359553
6057658469
6126446114
7402942452
6063495068
6088707774
6076394511
6138684234
6125077064
6071776258
7413672051
6131200023
7355380662
7352391283
6124075064
7368950327
7408771378
6120079641
7391760116
6110716318
6105599966
6092923358
6129491106
6073142341
6130467391
7410665459
6135773835
6132555928
7411562800
6022186400
6038655998
6095010450
6122027550
6129493739
7416792118
7413650613
6114312520
6137468481
7406083828
6130933801
6063126277
6065744593
6130929175
6059001619
6022959121
6027423430
6130372368
6122962346
6066025086
6065691545
6132500560
6138452107
6124182712
6124189348
6140673348
6098080017
6136808002
6064593688
6114183297
6041206882
6128817018
6133537658
7413793268
6058918251
6126129083
6035621567
6134693007
7412416370
6091815464
7416122101
7403139505
6001336936
6120673125
7404653494
6047383396
6128475947
6067153621
6018703444
6103488939
6048336194
6055580015
6107752008
6099971913
6126665002
6130205150
6130309522
6118092717
6125201874
6133129660
6128209631
6138619012
6132356629
6124595683
6126866253
6068680917
6045922223
6126173596
6039355555
6110529999
6138396937
5999843729
6138055873
6061689979
6129412580
6141478664
6121664196
6117992598
6103347300
7346725556
6130058151
5993406747
6051522799
6127387104
6064345534
6128552789
6127615877
6084611966
6125848448
6134742211
6125584794
7402205494
6055311890
6111377619
6130167660
7416082357
6133294042
5459319341
5987600312
6106219816
6040870310
7388074289
7360913392
6136422094
7414300273
6032520515
6135061129
6114906695
6133739404
6066962941
5455151322
7411680886
6057015774
6130470636
7289429297
6085519050
6132382104
6136375876
6073877754
7391610932
7418697462
6056495911
6142480462
6119568546
6138821252
6122839528
6113208610
6056516742
6120180186
6118143843
6140250445
6137736448
7358222198
6122863824
6136558593
6124431852
6121649751
6054694762
6062104889
6129136783
6131008953
6129706566
6129091243
6129191143
6115004792
6129948898
6129232557
6054692206
6011014696
2698618750
6071894422
6130610758
5977787851
6067262911
6061566748
6071644107
6133961436
6133164954
6119604561
6137761800
6129272022
6126150830
6119755756
7411213360
6091116779
6137594507
6094784475
7418785206
6132394581
7312071159
6132813715
6060743823
6059088517
6114939232
6136398594
6073734245
6130203668
5462923119
6130099391
6076738276
6127215551
6100924906
6122771322
6056156280
6115524352
6121228054
6065626686
6133942990
5990001754
6123837231
6119308800
6132813907
6135484293
6132128641
6131310494
6119824097
7417113586
7401836725
7349593392
6029539411
7337744246
6124250428
7281862774
6130607201
6100739901
6077375199
6124022997
6117797735
6124534160
6054394643
6062004194
6093621090
6102232036
6133171485
6131487126
5980828484
6130474343
6124289182
6123102369
6130578535
6125318218
6000400878
6141478280
6118002207
6130832594
6052831488
7345855603
6141487176
6134065283
6130441962
6107380820
6076671687
6133187357
6120193055
6125693251
6064818479
6130441128
6075540117
6096381165
6119453712
6128121511
6132331705
6131459414
7410414704
6119229074
7376172848
6074373712
6134221437
6085375427
6125965850
6128008217
6134212032
6096329891
7352145910
6123419595
6131758999
6065971815
6130717612
6132431071
6058767609
6036740324
6094515938
7366476532
6101804004
6112194555
7417145394
6133797487
6125854123
6123037343
6119345635
6127170642
6127537367
6086300371
7413241329
6136167750
6122319594
6057056941
6060662795
6129930727
6113264079
6047433933
6130499652
6056448657
6112881501
6130447743
6135893449
6138641535
6118535215
6127039178
6031261134
6119214207
7418802102
6111187625
6126852754
6129651688
7371246133
6075317285
6093272399
6132488378
7350074802
7414498097
6129602095
6122161685
7406508787
6128434015
6110349119
7350387635
6068198081
6132734109
6092897694
6120078932
6126266821
6129590631
6088654225
6131822715
6074264253
7361923570
6115329834
6075286481
7412573617
6137887047
6129580390
6077536569
6123841442
6105296319
7351351348
6131976220
6129802145
6132836243
6118607064
6127562605
6132823699
6137621197
6124579448
6125320705
6115687466
6130015126
6141427656
6130418113
6103400488
6123943264
6130594836
6137871558
6104332445
6139038411
6132482297
6068722433
6128832928
6131085822
6116233120
6084567554
6120189154
6142791180
5972817006
7411745783
6067877497
6067224024
7412844215
7411676528
6140754308
6070622993
6131915037
6138490063
6085065293
6082040285
6134875405
6121257818
6129238359
7410939120
6074818704
6128352738
6122601817
6116651493
6103042627
7405846195
7351383731
6023144740
7417145970
6125840506
6129992167
7418960116
6129997178
7414127217
6121635488
6060044821
6121950850
6089472652
6126888356
6136334912
6126083106
6130797207
6103352224
6089163197
6135335759
6131664855
6133993799
6130669073
6074291615
6129690831
7412813237
6120741708
7334383152
6130593741
6020227549
7417099186
6125091938
6130583188
6077836741
6137534346
6124568161
7389179958
6038385388
6139036171
6052169896
6124032417
7413022385
7418811638
7408174897
6134031836
7399682613
6132996492
6085450978
6071403237
6122095278
7418741558
6112401668
6130955196
6062791068
6133372287
6132684318
6087238936
7418944180
6129942306
6131110107
6073763665
6123456508
6139840333
6130983165
6123723047
7416564146
6140760644
6121736490
6101542011
6080121185
6132149673
6102878313
6059319958
7409452979
6133147530
6131656608
6130777809
6140758660
6132423125
6131090494
6084348408
6061995680
7413530163
7387549106
6069964140
6123238883
7419086964
6113841370
6128693646
6122148182
6065064677
6039689113
6119695324
6131091518
6136589767
6134124355
6129324523
6138561734
6138634687
6131071672
6124160013
7374710070
6108205671
7415083314
7369221239
6063570981
6001380244
7412648435
6123252295
6031517257
6141545736
6140798280
6082110864
6129863864
7408861686
7404264307
7414678577
7409356467
6133435227
6128766766
6053194190
5443706486
6124107861
7327474742
7313960439
6130810829
6108659323
6133718076
6742959413
6125593796
6065745116
6077016027
6129889115
7402506801
6132043405
6129547822
6064561243
5454444013
6075023397
6036423390
6067002564
6115349329
6120005531
6130430034
6120856272
6012027027
6127556508
7411926577
7411085937
6123254239
6133798556
7408415731
6136981326
6121557358
6093537407
6128023442
6124136954
6141012291
6107672254
6090717526
6080541824
6134792714
6129564648
6048096455
6130182138
6045389144
7408845936
6059909994
6099471425
6038727014
6087000970
7416038324
7406615605
7410118454
6128992290
6039039971
7410425073
6106412440
6064826559
6118304440
7410181937
6122152248
6131757475
6129282848
6096832890
6129326526
6064585032
6130971887
6113114066
6126404713
6051912815
6127093727
6112809656
6053581139
6127761886
6088743624
6131903437
6125522761
6139287623
6108541911
7412274997
6130454376
6125245908
6112151261
6037708198
6080072597
6113881892
6077587328
6007568957
6127629288
6129990658
6111418002
6133331448
6079117384
6131638430
6131172191
6137294273
6142068300
7418593270
6136806140
7413483123
6120286440
6129265172
6125246972
7403111024
6117052839
6105510883
6043344845
6132640139
6004569856
6133337562
6129453780
6121388994
6073760527
6092525783
6113056715
6103403114
6008300094
6128139469
6060261207
7417155570
6052327375
6127065855
5433774850
5403691277
6067890589
6123386175
7358088886
6129668361
6003438801
6135976269
6130069337
6132576873
6129932074
6138108993
6109746322
7342738354
6124847290
6127884839
6104222105
6130652244
7403270065
6129448904
6130826262
6121666124
6130644308
7418923190
7414972273
6061289035
6128758510
6109016824
6126623584
6130873946
6131163920
6130331617
6083307906
6068355902
6132974099
6021686917
6122058325
6085584103
6057251670
6117232409
6103673767
6053880004
6104424933
6093418594
6083256724
6074903609
6131119893
6119552036
6130615082
6133169754
6140409869
6109802414
6074536794
7413581493
6141817804
6140413507
6130012614
6119514234
6128947842
6056971946
6116366110
5450137262
6129685294
6134535293
6103314073
6132634655
6133393089
7388649397
6015611545
6048219594
6127665018
6116960038
6114543865
6132274496
6108654689
6128556141
7348537330
6069021002
6014978578
6122691344
6120776899
6107680365
6135724731
6117349289
6130711495
7417615414
6125928511
6061866753
6126530690
6140698116
6126027295
6138596543
6129664166
6129191147
6082864544
6122029628
6141493256
6066380904
6138437963
7411815472
7412254964
6130131234
6124683834
6139115532
6123283553
6121906622
6135091782
6115223318
6133484699
6131618325
6126199716
7413846515
6094655248
6073824654
6120651004
6130126174
6118558119
6118488985
6117169062
6133610054
6130457441
6033498219
6108423062
6119066919
6130676897
6077176012
6139182411
6132552466
6104910766
6070613065
6123287651
6120649064
7349281847
7352200246
6129781215
6120025751
6133072286
6125950927
5459134945
6129852097
6113895365
6128407516
6121204299
7417234102
5989619911
6049276395
6116246565
6136545339
6124110178
6054880854
6140496010
6130184663
6129968448
6133178010
6036060476
6131895580
6067329060
6121505048
6129732006
6138585536
7306636855
6132649786
6098810963
6123158251
6125671061
6086216715
6126988549
6138006208
7407972849
6124578197
6070645371
6132619679
6067850925
6121252129
6084319245
6136978306
6132409173
