
6125616335
6102777302
6090420837
6127812121
6127459048
6121661529
6125789307
6128581186
7406516016
6118735078
6124850234
6130495323
6137607242
6128852579
6120328546
6127767131
6092025936
6105550606
7402915699
6132011521
6127490349
6114770639
6135015881
6078644583
6128489949
6068753691
6085666389
6126501588
6131432891
6103358117
6124528196
6127230222
6125312276
6127204961
6139254414
6132377916
6125191319
6123041123
7376884278
7414268530
7344258999
6126207384
6073823131
6114742564
6085053501
7402428919
6129744378
6075129677
6126951250
7407486134
6114795284
7407104309
6135486727
7399682613
6093537407
7359633271
6106848164
6125116326
6074483087
6059905935
7393054263
7360243889
6096370176
6137340228
6123869565
6121598728
6074863053
7409929523
6124651137
6038647659
7382631667
6109473408
6129718441
7345190000
6058892833
6118823654
6090208906
6076044744
6128177469
6131204423
6128607323
6129872271
6116892346
6064430253
6127640779
6129261249
6136232263
6124291710
7278121847
6081115474
6113886308
7358356786
7407827696
6103735784
7411505009
