6133718343
7405033975
6078326090
6121357779
7408174897
6134742211
7414765300
6121611347
6076066031
6127767131
6105245147
6131775451
6123318634
6123682770
7403604338
6128680001
6129476817
6128028813
6066783132
6124555430
7404569271
6133129660
6109835066
6126019981
6124068970
6089954606
6119836802
6115115946
6115524103
6117176280
6119537559
7410942706
6132028930
6106572246
7416021940
6121317933
6136334912
6117699105
6129590631
6113951397
6086352508
7410700087
6058049967
6137340228
6041547750
6122712359
6127862246
6129273256
6060304137
7342738354
6076671687
7409749619
6105431526
6109383898
6120154559
6132123976
6132996492
7412771253
6129577639
6137099135
6128923153
6085712657
6137980814
6127608289
6060539300
6094874626
7405123440
6105875480
6131205551
7411053365
6130497760
6110524384
7409970677
6051847230
6129260330
6075286481
6074723855
6134694858
6132069466
6086315224
7281862774
6108517970
6062591957
6131539870
6058812452
6127166420
6125046950
5448287737
6121776546
6056448657
6127135167
6109190308
6086399309
6095010450
6125141098
6124850234
7407357424
6110349119
6137226056
6094596261
6069155270
6109255507
6138880452
7410233271
6121636071
6127857065
7405096176
6134528901
6123283553
6129341528
6108488676
6117137832
7408234864
6119461032
6139409220
6118908769
6067753439
6117066986
6131129109
6125139105
6137818756
6131942575
6113640326
6138761868
6124691778
7395004021
6132543352
6122628671
6135773835
6075325996
6067146795
6082878988
6117820901
6134194043
6064303825
6133511298
6061843299
6139371460
6124629504
7405142262
7409734326
6049973133
6100083480
6063111333
6106792431
6132393215
6133443909
6129451815
6129535712
6128263534
7411540657
7409774064
6126170506
6137827019
6131584787
6129172820
6104222925
7408557811
6128506082
6133139850
6128506574
6129898507
6107508459
6132867356
6124928989
6126927826
7407021044
6078501215
6127463833
6090315409
7411944884
6130522464
6118823654
6121103225
7412093810
6062890582
6080057685
6129614183
6109473408
7398216048
6040652719
6071908237
6040652527
6121813406
6075647906
7402182449
6118104510
6074664392
6108540048
6117024528
6127785992
7382193141
6104768044
6131403546
6141603340
7414204725
6129253549
6129262115
6141657228
6074536794
6125446283
6119286545
7409279216
6127015574
6135703297
7403362738
6128802243
6091266154
6130226528
6121053080
6113725588
6062691385
6070541191
6062342876
7401396976
6128988870
6129344298
6131946247
6122066113
6119338080
6114213191
6128932025
6095950040
6103358117
6112525613
6131123544
6100042693
6138906952
7383131315
6124723943
6118223943
6118996812
6129614700
6121899176
6055684892
6083792319
6127861711
6063509529
6134401354
6126694098
6131261080
6063929466
6109736046
6128561595
6062352419
6101361023
7337255092
6130955196
6128343460
6138917699
6125508064
6129281066
7390224307
6120791766
6091787602
6135532738
6081239939
6059205053
6062093777
6119964803
5421069012
6060054427
6082674589
6069981049
7375023668
6092986515
6129467259
6079826111
7411208051
6001445959
6122893990
7345190000
6111591591
6087417868
6129249703
6129084572
7308539893
6089546365
6116736189
6065042079
6120148379
6127935649
6121500072
6115886341
6114512639
6116016043
7365844274
7404039734
6129207297
6121343994
6024679212
7361923570
6109261695
7415056309
6124531037
6122795242
7290144113
6063967825
6074704699
6074965201
6102546477
7417649398
6131728699
6126168171
6118009817
6130675096
6129409730
6129581016
6132626826
6124082784
6084969553
6127688548
6128795800
6132328526
6120328546
6104646550
6129383594
6104405849
6136518854
6128548972
6130292697
6129454692
6131159698
7399899504
7410148407
6131696347
6088362796
6139038467
6103941801
7402066549
7407104309
6124698158
6125374104
6116660774
6130546745
6133388166
6121042913
7402428919
6126951250
7405964085
6118119242
6128830820
6116878975
6116174374
6095367675
6072276108
6131779292
6127291595
6129121703
6131662337
6038647659
6133227580
6139181069
6124927833
6119947546
7253299376
6076405795
6111818921
7407406646
6130161417
6138727303
6116440875
6121974627
6117017216
6125246972
6129808702
6116935577
6131260568
6063496331
6130998399
6062196654
6131461359
6019045853
6123419595
6058981478
6129261249
6128523050
6129935307
6118457314
6133761103
6111669152
6071631645
6135059072
6124847290
6130467411
6130511919
6135537218
7411460087
6129001992
7407876789
6125875547
6124999723
6123099022
6040675367
6126259677
6125452096
6130310233
6079105733
7389572657
6093537407
7371838838
6115335689
6134578107
6083244157
6121690117
6081105819
6138684557
6126935837
6082612011
6117937086
6095127775
6135750794
6126973957
6139056526
6114702684
6117275695
6124607188
6113030784
6128921749
6129265172
6092020713
6128453666
7348122099
6124265599
6127252136
6124483439
7369654583
7292186550
6085734811
6109267065
6116849665
6123955435
6110703558
6113787439
6077692326
7414292148
7376146996
6097459406
6084967816
5970942145
7322919154
6065993639
6042435434
6117721344
6122677782
6095345565
6063866017
6127862359
6058767609
7404653494
6015502495
6127814244
6040346370
6128629944
6137112846
6121866240
6078764936
6022059875
6075752510
7416026290
6049599054
6047495191
6107671685
6120048728
6108912353
6120700070
6065748256
6066220249
7415546036
6074903609
6105816296
6139378371
6129379925
6138172935
6080255502
6106237241
7362745265
6126777533
6125840506
6125616335
6126076267
6113849101
6114775129
6112364248
6106277071
6111176952
6129289836
6136033089
6135177097
6108026862
7412499187
6123037343
6116374912
6133455612
6128403627
6107886177
6090097705
6136352323
6132074202
6087550625
6126091073
6116592930
7409629105
6126984736
6060392470
6134969728
6082864544
6075451275
7411695671
6108517016
6107277806
6137408463
6123859488
6073596012
6121931369
6091280272
7413241329
6129246171
6134358533
6125008813
6122255518
6126166118
6135091782
7346656630
7404982707
6029414238
6079674204
6120152849
6137052736
6138170115
7417654902
7348263216
6124090172
7411281717
6132625500
6112122041
6064786014
7413318322
6073454656
6128540689
6109498690
6136558593
6110150977
6074483323
7404428210
6130077977
6096266490
6124968585
6039642281
6110723214
6135521544
6118519762
6072729578
6125021732
6066542213
6057758398
6137475910
7410425073
6131282386
6093418594
6095673678
6133835324
6130884201
7325450609
7408694448
7351351348
6044693058
6125058904
6044920296
7387729712
6088406720
6038655998
7408845936
6054285293
6031525624
7388533555
6139577860
7407309685
6131305298
6124000046
6130187417
6137183364
6137255871
6126759532
6129724759
6139341388
6057169900
6077051719
7399682613
6132699645
6072775721
6129384020
7417617716
6131993629
6121107665
6107705365
6141214862
6131621176
6131688734
6124107861
7410414704
6127863423
6134228749
7413019249
6121173371
6129655121
6113720636
7379886322
6128304874
6089093181
6063325816
6079089208
6106848164
6057388668
6129781215
6138479559
6045484069
6131209759
6118668870
6139734979
6128347297
6131492635
6132543836
6133850687
6057558419
6086050239
6128496870
6118071790
6123633861
7397023411
6115866503
7411860084
6113562301
6137958023
6128140156
6131019039
6128238484
6122909885
6136589767
6128577429
6005967842
7360390256
7379760563
6129373921
6007104359
6127030821
6115004792
7387191347
6115474047
7408441905
6070321148
5988282207
6063758751
6131320121
7352681713
7409143094
6118620014
6128480038
5970338771
7348537330
6132561583
6134987525
6140124558
6084943780
6126461720
5974261152
6129931677
6112215813
6069314257
6130593315
6111681833
6139091085
6117900654
6040008913
6117797735
6131182265
6123344543
6128978711
6130888030
6122380798
6129230225
6060912727
6135762688
6117530879
6123930441
6131843010
6127046786
6141625676
6139193800
6104928865
6064191913
6129131153
6129958686
6107184750
6141343630
6121116898
6071724951
6126769132
6131213639
6088903338
7413581493
6129934648
7407748660
6072228117
6123081808
7391508017
6128093211
6075129677
7390974769
6128679972
6059811364
6043229094
7325041332
6079203805
6132923676
6077592612
6099117905
6088287619
6076776805
6128992097
6093477787
6137296845
6123126994
6120472706
6104358521
6127314988
7287249461
7398612403
6125681594
6073154309
6128070661
6078950087
6132169755
6138682887
6085375427
6082950166
6129904483
6067747551
6061410305
6073793979
6126036501
6134693007
6133003517
6059258810
6061291669
7312071159
6136886280
6133569933
7394489395
6129554724
6119598797
6067707235
6079199701
6137281222
7353001460
6034864230
6130397944
6136854733
6085481598
5995100123
6127862398
6128960023
7351908149
6056600135
6081447384
6130521400
6121160744
6043109011
6034415451
6062443437
6106515801
6127978065
6131379355
7407913398
6125583019
6131017065
6127187576
7412259763
6114041569
6129592035
6111597786
6126414370
6117239078
7401222259
6105674479
6099444384
6074541159
6115512238
6123580333
7414512309
7345873203
6126148228
6070684077
6110001017
6128420525
6116183815
6117324196
6130189719
6126612155
7409321904
7403604850
6136595144
6054073557
6129140500
6038527832
7415325106
7417702516
6130598051
6124309841
6067328732
6128308461
6129449319
6131733052
6131101945
6096364815
6129147169
6077373056
6128485082
6073475595
6126243048
6123248253
6136502719
6115090155
6118128911
6118293289
6047433933
6139066564
6127995964
6130587229
6120416802
6129918398
7407283895
6069297566
6131374930
6007430979
6120269352
6044018796
6125302161
6130970362
6069947578
6074578249
6127568597
6120689884
6039471374
6078439578
7408979764
7394930160
7397225395
6067719329
6128453544
6111730815
6129022164
7412289587
6045448523
6112018718
6125280686
6024909187
6127538521
6128248839
6062825854
6070609914
6121505048
7349847408
6027423430
6106082269
6111348364
6125178064
7412579507
6121589743
6129232557
6074261594
6139647556
6128508478
6128137963
6059900158
6068700898
6128399467
6121532826
7399814135
7403332983
6131358997
7415930738
6116337190
6140941900
6132572412
7343327413
6127611019
6113829309
6068735634
7416062322
6082570143
6123415658
6131949946
6124672198
6130335843
6117691769
6131336540
7412091062
7395959028
6115252839
7380212913
6127019164
6133681478
6124259924
6057327469
6117934895
7393054263
6127711707
6128215648
6130719127
6068537553
6114183297
7327684980
6122317859
6120134843
6112087006
6136330187
6122273921
6110179599
7410077233
6132057210
6127677882
6121071138
6079160415
6113114066
6133337533
6129973790
6086073743
6136863306
6090893118
6131787795
6074135521
6072199317
6068703192
6128700740
6116948483
6128448912
6051603092
7413606705
6104424933
6115008290
6121462092
7333555825
6134414601
6134119438
6129198629
6074849538
6133699850
6125400890
6744450995
6108844830
7408848049
6108905694
6130340764
7410130224
5436385889
6051009892
6133051069
6063495068
6115349329
7411915889
6111308093
6118293038
6130050953
6129567916
6132918076
6111319783
6113968382
6124743126
6063506780
6130609016
6115581651
6055037230
6131621957
6125377311
6126071146
7410503857
6131608239
6128988065
6120082707
6123218832
6055765530
6109803515
6126266669
6111471800
6129189417
7392935729
6118752016
6128229857
6043180690
7414529334
6128789456
6121312039
6121553737
6123620802
6121370377
6125879188
7411776691
6113318404
6027218924
6070340312
6074838433
6047455551
7360584497
6128389053
6102777302
6131575868
6139249219
6109466181
6138792967
6127847245
6085450978
6025485688
6126438882
6085836990
6077445529
6128813265
6129991383
6118630477
6089314821
6077943867
7329396147
6117797020
6129755032
6065971815
6108470102
6058918251
6128428262
6131423442
6063570266
6043783200
6125010538
6032699547
6078038624
6096112162
6022163275
6118783570
6067723867
6133550027
6077375199
6069795034
6129285601
6076063517
6116228585
6127318498
6079441678
6125603109
7410546423
7369846897
7406391027
6118578111
6129576684
6126375328
6054009627
6070645371
6083380170
6136074303
6126155142
6065804450
6069208539
6050736421
7412441201
6056482012
6116130909
6063571652
6136829312
6128607323
7389373684
7411412599
6042683612
6120373911
6129619428
7415023606
6129990889
6082010831
6100828687
6129356093
7408592368
6140501064
6026015307
6100739901
6124198762
7351383731
6137340358
6079074951
7335643376
6135782927
6117480598
6060962647
7262211440
6135179591
6078695442
6128209638
6119385992
6140116168
6072471072
6131491439
6116658852
6086372286
6122501720
7415748146
6053091476
6126263853
6120254944
6091556076
6119973317
7411757431
6104153170
6136012751
6129805027
6123918991
6123162072
6125513259
6085188038
6129978821
7408694900
6119055826
6134702722
6116519909
6131362259
6119558703
6093608447
6052568665
6119765085
6129548244
6129548180
6122808408
6124299559
5996136261
6133871558
6135757116
6132575544
6128040492
6090772383
6130621984
6129283180
6051841924
6001380244
6130719319
7404323379
6126872961
6132673135
6081062137
6135784194
6139676996
6138978762
6085792571
6121456236
6128694294
6122131095
6127816768
6064585032
6130014167
7349191346
6096648144
6137077632
6125998232
6090208906
6111910233
6126266821
6097862975
7413225012
6083643909
7407873781
7359660592
6138075464
6063409053
5995394216
6120351227
7355080308
7417206900
6123293860
6063917228
6128207380
6128126308
6128446811
6111662529
6131389692
6074549419
6087566969
6080645911
6048377768
6113940836
6125245908
6131776730
6093236712
6113275170
6122492132
7408426418
6101840527
6126654177
6074793528
6111341799
6128209631
6131379922
6073597140
6122600996
6127154729
6127111387
6124713792
6122186856
6119229074
6134485261
7405496246
6130002651
5991373532
6115440981
6131055893
6135791810
6126825731
5454021416
6109340192
7405052017
6116378637
7415858802
6120195022
6130014334
6011571094
6129605657
6129528416
6128238040
7392493745
6068883234
6061586268
6112931402
6102507947
6119407214
6134507465
6127261029
6141163406
6124080570
6130379477
6086173060
7395859381
6120539091
6095466820
7412538804
6115726190
6117543197
6132406363
6086958041
6121941373
6132824955
6139707268
7348563057
6120367206
6090362946
6130315353
6134714127
7413821873
6119698450
6084963586
6078450878
6068446163
6091820765
6068609529
6139998286
6040399701
6119179231
6076408518
7373784884
7286200308
6135768201
6113535571
6112298522
6132298232
6127197179
6089529455
6071843564
7340481653
6131444878
7416415350
6073700049
7394282165
6127997926
6126352998
6128913746
6136981326
6069906963
6105550606
6132525642
7415244022
6084084769
6115120017
6137247691
6097905682
6054451488
6131963965
6128008171
7358345841
6058161061
6126165142
7387740913
6136499711
6118674956
6065878230
6004515502
6137409935
6079112224
6129080493
6074863053
7389798706
6059689617
6106388410
6102055566
6138248903
6107303407
6128684828
6139371466
6127187102
6120027742
7415088309
7382469040
6130467391
6131101853
7354640822
6124125763
6120271194
6086722195
7410619056
7394063477
6130706323
6130439638
6108659323
6065395896
6080652558
6141386636
6070622993
6123651344
6125320536
7412155892
7364142004
6098559811
6065809762
7410162033
6136207817
6131995514
6107137593
6089698725
7312700020
6079209260
6131008953
6040208600
6124675564
6091285004
6045922223
6062670430
6110218272
7417766326
6121666665
6108774456
6140458504
6139917708
6123967131
6131150160
6120621601
7377278322
6111377619
6116808536
6139043146
6054354773
6115250021
7411247730
6122470844
6067662533
7376884278
6129669996
6133199421
6106983915
6057968095
6117339424
6107126013
6102617095
6077024136
6109633893
6137957128
6123251232
6126909857
6121204299
6080956196
6131111163
6066251795
6096752650
6128320855
7383982903
7339376244
6106283239
6083873897
6139044040
6032782190
7412659057
6043141201
6137469897
6101945425
6131206313
6125451912
6133646987
6120561953
7415831670
6105334239
7389033584
7361267316
6131205714
6063460816
6122065262
6126888356
7411025267
6052142669
6122388758
6078629863
7360243889
7368034416
6129284636
6129637159
6074613019
5996698727
6075726564
6134126278
6122754018
5441385813
5997914364
6120340198
6128159485
6126852754
7414570802
6131399893
6068267422
6109655209
6129179985
6119639339
6131001616
7329041908
6129604204
6135409920
6127855655
6127191442
6135585423
6136784196
6132319706
7380043763
6141249550
7411782263
6062035363
7408274417
6092800660
7414346677
6130407523
6123271032
6069869861
6112356166
6127537367
6087850125
6066524074
6065391623
7344629683
6132755695
6131374633
6059015335
6106017677
6073585826
7410629875
7415530230
6052653605
7390066870
6125077229
6123456508
6051327760
7404445107
6063193232
6131517139
5972347103
6111742729
6141379534
6054975142
6039901150
7409452979
6131276024
6124177383
6138549255
6126843904
6069607406
6129820832
6126489414
6074183254
6112460062
6131089746
6112366520
6075527507
6129846633
6129529878
6079042592
6122977720
7401836725
6124101352
6131304645
6131437801
6121402461
6128023365
6128087146
7352644017
6078465411
6103352224
6127031078
6122953885
6106870782
7290586420
6093137561
6074291615
7400559479
6057741536
6130655072
6118316909
6097743086
6092543188
6129772510
6119354911
5986497747
6134093192
6103444583
6126283770
6137503119
6098439899
6127044590
6132215881
6120571691
6128270998
6127140220
6119186601
6121557358
6058991850
6131517501
6107317246
6072997576
6061289035
6134646015
6126960325
6102310203
6139865422
6133712964
6124017618
6128994082
6127731861
6070765404
6132831035
6130608650
6135576194
6133677507
6078881798
6115367405
6135219206
6129557473
6128968786
6127112102
6119754372
5977509819
6135962175
6077205986
6126941676
6129992534
6133610054
6058814714
6122914332
7405330358
6108800853
7409207221
6123745836
6134876615
6127281861
6137786500
6130262853
6122297054
6139950856
6139196804
6117222824
6136275981
7404653558
6112760841
6131358585
6131436457
6132965724
6137076801
6128177810
6128538798
6057125725
6128396459
6086395294
6132048575
6103568277
7405185206
7410665459
6117060970
6118185507
6119102855
6132667649
6125592632
6040952890
6133329670
6137594507
6054918753
6053676188
6118558306
6116246403
6133993799
6127839372
6136906509
6128523686
6136673407
6135021963
6132316741
6124345069
6104100396
6095279142
6126418053
6126415975
6129527182
6127273488
6132200093
6129797177
7409250611
6127489617
6121842898
6130185376
6128489766
6110558334
6125927573
6075704704
7402983475
6102040089
6127242685
6087989996
6129505002
6127832720
6056820889
6095130466
6023456157
6137156681
6130620899
6128008217
7402175286
6048006886
6131218745
7325237043
6129394024
6106379876
6051711329
6129003554
6124760702
6141359948
6130182138
7410270455
6127815585
6137656831
7398621808
6115793766
6127817956
6137944139
6135352463
6139099532
6139676419
6124231526
6132554844
6128217750
6127665977
6125029243
6122412970
7410185392
6102516424
6108330722
6125693251
6131629464
6131312986
6129108953
6131665162
6122226983
6065613861
6131217401
6119250786
6124023297
6115064867
6124790335
6126228204
6119588428
6108712147
6108544546
7412677427
6122319594
6068722433
6105510883
6135485826
6092354660
6118131802
6131412162
6134018111
6106110631
6121450788
6129690831
6107691549
6130282499
6123158251
6136947663
6125966751
6104364013
6122189079
6105024208
6137252608
7377892852
7409506800
6116861866
6117297929
6139710732
6077848826
6131421842
6099975068
7406504755
6137455304
6111515682
6135676738
6133628045
6126843747
6078288782
6131152041
6048132568
6131877723
6061720292
6127934456
6078266727
6080885157
6129770585
6048589886
6109698681
6127924959
6136643469
6134302081
6119764165
6046756973
6126457198
6128496046
6095238656
6133403912
6060021411
6054493959
6106806097
6106024549
6125352426
6121018625
6114587134
6125175147
6131486037
7410449072
6136954319
7415971126
6135897282
6082069856
6126540307
7343858803
6132215227
6123070872
7373616757
6110395983
6124982973
6117057575
6137182143
6118968867
6077133247
6066798179
6130971475
6132246018
6127125678
7366296503
6118517290
6071921151
6075023041
6123590232
6126100774
6119910354
7355742708
6120763602
6132495812
6068802667
6079396579
6048748435
6130435858
6069147288
6076644523
6139365517
6139780163
6108294356
6124058589
6124250428
6130540186
6118025386
6109940583
6108281689
6131467352
7417577078
6129520360
6131532882
6126460335
6125787346
6127884839
6086009410
6140469896
6121640859
6070168480
7400919607
6107927746
6035764058
6066420371
6060217530
6077930879
7384697270
6099558546
6074776705
6074836472
6071716414
6131947102
6106391326
6141741452
6120935418
6041186939
6069702522
7371880882
6127174319
7332076082
6097862137
6141352078
6128487726
6097965718
6120581756
6054692206
6074287502
6124264937
6061070555
6053880004
6026695830
6128073291
6130833379
6116189909
6132401981
6131310494
6139479178
6126025965
6132758667
6131323594
6090821829
6131032333
6129530861
7411725745
6117614422
6128545067
6095362726
6131410296
6130126174
6123337849
6114058619
6077395294
7389582519
6140990412
6107166625
6073824654
6115757783
7371727733
6129027322
6106622554
6098901128
7356400438
7329069878
6063725697
6130106947
6127348584
5971440703
6114410360
6138963658
6063525615
6051984070
6130365468
6091910057
6107967399
6129576554
6118083239
6129241369
6135015881
6137836682
6134498112
6073449722
6064240801
6098284163
6083698308
7399785524
6103851306
6136785152
6127437439
6086966216
6102961578
6137073216
6116264021
7415230005
6113895365
6136881796
6131119893
6129416557
6075099339
6124923477
6129544301
6131844472
6060321748
6122770142
6121078317
6085382479
6054318672
6081917324
6068157640
6123215947
6118565583
6073969785
6119234666
6125527120
6092525783
6063630365
6074796233
6123822941
6141579150
6108638738
6120066133
6125187299
6070801352
7413298482
6129079954
6121406953
6114766818
6006905918
6073052181
6019501528
7407268336
6123700821
6124561128
6009021567
6030261572
6008300094
6132303162
6129191143
7385248177
6059088517
6123553491
6052169896
6125491810
6042867560
6137516991
7389631859
6137575631
6002817094
7410755632
6139994051
6113013398
6124087980
7413291122
6125184642
6128391526
7384210612
6088163558
7292204273
6139165507
6129576170
6127656091
6105500391
7398554928
7406649075
6075382628
6128639592
6075473318
6071870008
6111377806
6069257303
6127072517
6132641147
7395596855
6120734268
6137140936
6068562594
6127386697
6128201195
6120869592
6070087785
6129248995
6139292877
6056978310
6049941889
6137631487
6126731640
6123129131
6081701288
6114368613
6069506926
6097119707
6058078137
6076944296
6126892199
6129619616
6080740637
6139099018
6074503163
6123598045
7395231158
6076955533
5964048155
6131346153
6133581250
6085053501
6075621541
6139483786
6127686786
6110693114
6098364047
6135895170
6133375502
7396600822
6077836741
7387636272
7319548275
6127417637
6129211645
6135835713
6124457926
6065744593
7412704179
6135380298
7410181937
6123082857
7415682738
6130736608
6051130915
6115709545
6130331837
6062156650
7408287154
6130933801
6141791820
6068746746
5972978846
6137413192
6062807683
7399467895
6115524352
6131358227
6085811716
6062086736
6126483104
6126799189
6130099391
6126528016
6137472127
7349250160
6122724452
6130242199
7407888307
6129216168
7404357107
6062900380
6117663520
6116239740
6115089295
6118250691
7407769589
7415225525
6102878313
6049032715
6105619944
6113681308
7410751728
6093194565
6134201980
6115138120
7409956023
6137590159
6112219239
6074751233
6047989259
6054548351
6019070635
6124578887
6069996681
6131172191
7358767221
6118441681
5451660857
6131682683
6135730952
7338383728
6071894422
6067289873
6140167240
5978885994
6113862161
6137719615
6136961167
6091093477
6117108263
6129663391
6135913407
6050789437
6127547476
6070900036
6125947783
6128204887
6079049479
6079980344
6127665018
6097182865
6128162453
7413650613
6128025111
6077635657
6119040825
6131158025
6087949486
6117219944
6128170784
6129412580
6132210138
6061566748
6078947344
6132774413
6130848727
6132387211
6125636974
6076777289
6129983430
6136375876
6111222607
6088640158
7408771378
6126788289
6132487772
6118607582
6111203259
6073823131
6087299915
7401797362
6125950927
7353357941
6129338605
6128328634
6127679019
6128308884
6139612100
6131911187
6044688610
6131910867
5992117629
6124327556
6014507717
6119768798
6052516116
7411640247
6115043796
6126858428
2698618750
6074718266
6129601465
6135687426
6065668194
7402444661
6741399670
6067475630
6129558700
6065469351
6120131155
6040741028
6125163010
6117735446
6138000011
6131210235
7375917938
6133440573
7354160497
6137662726
6110335760
7374433201
6109576726
6054656475
7397039728
6067298671
6128105000
7416118770
6126222126
6123351132
6107461974
6123179275
6126256162
6129421160
6130045566
6057757908
6066026365
6077562694
6053817797
6049877703
7406708787
6130682512
6034603871
7406766707
6129087074
6131559570
6127761886
6111418889
6051946943
6115188557
7325741555
6113101967
6077587328
6127958525
7418154548
6120283287
6026712782
6061518422
7350074802
6135115397
6128063150
6119556905
6119345635
6092923358
7405466610
5986807488
6128645478
6116867924
7411815606
6078582700
6086938170
6131209055
6131976220
6139370509
6128931756
6128992290
6083468802
6032984517
6119264595
6117962604
6136579334
6108648665
6129238359
7353740086
7407239473
6124471130
6013775277
6119636691
6085331372
6065615899
6118644547
6130676498
6115400418
7411926327
6129077780
5447914770
6114509868
6107135520
6125449056
6074888515
6135017084
6131497348
6127414574
6120741161
6063831696
6136188356
6096832890
6128186348
6126096009
6108915862
7351428662
6129647741
6125593796
6129653316
6124118662
6035974821
6131337321
6132642874
6122713690
6085272257
6134882245
6064233048
6093272399
6131306197
6046069032
6123177554
6118775784
7305998130
6130385494
6132459227
6116554950
6134553605
7367709046
6101954978
6111737671
6129993214
6120763896
6131077437
6060831822
6135188102
5965718811
5389638126
6069967279
6032464217
6104645587
6132910209
6122771322
6007466329
6118738223
6130174782
6077708345
6102807550
6119184559
6069416083
6133391941
7344861943
7409609524
6124839911
6136929155
6129671889
6064419719
6099336072
6129217060
6129253674
6111093088
6097301327
6129535597
6130850595
6131928797
6131705048
6129366353
7413888374
6089766357
6039419438
6131538300
6132098717
6076253926
6064744353
6057867323
6121122138
6135669513
6127826720
6058407186
6071776258
6111523457
6130416982
6139284804
6123776878
6134384196
6065803534
6028358630
6129627233
6131545321
7412726005
6127536367
6125000858
6139368397
6102108800
6085666389
6013285742
6105554668
6132155869
6135286591
6113472717
6067877497
6045232469
6115297361
6129953751
6127996810
6080310996
6130959326
6133372287
6111562490
6131554064
7395653360
6127528126
6138753287
6104988073
6135936066
6064368297
6067878585
6061855519
6130283512
6073538133
6058900927
5996406890
6117835512
6117661271
6105626094
6119517859
6071005407
6098042175
6133415553
6122722793
6133589961
6131425833
6128199071
6131279559
6138465992
6104554915
6119719005
6083632001
6136413887
6132726748
6128673830
6118865873
6122569635
7373122736
6122292568
6120898344
6128177469
6129678878
6083557156
6128496994
6057929884
6116366110
6066499918
6132893276
6132274269
6134539148
6139159236
6137938250
6116152976
6129229844
6122565666
6116624585
6130466723
6092452076
7392731571
7414351410
6097604457
6104889314
7410771888
7392169460
6132650234
7366101618
6113571450
6034638863
6035900690
6132650170
6046314513
6104838935
6119231460
6122161965
7417043124
6106679916
6129285920
6129326526
6139972108
6139391437
6124491290
6129949075
7410213045
6131568338
6091116779
6137230409
6134212032
6064803180
6131812627
6133117980
6114639994
6138127883
6097494358
6063877599
6087250573
6138535175
6062104889
6061442697
6131567929
6125091938
6136415625
5995566275
6132732847
6072268928
6126354431
6132640399
6071972381
6069572345
6111685635
6132488378
6122929436
6126110742
7370752305
6059562962
5460879318
7410361841
6129282848
6104222105
6127955478
6138970250
6123069966
6105192481
6056286853
7407486134
6122527053
6064333845
6127747354
7356519540
6131709272
6129256543
6126438037
5450137262
6123225342
6132337018
6129832656
6068112465
6130812552
6042319151
6132640139
6104990214
6129787116
6118646220
7412334644
6103673767
6073400015
6071874821
6125861455
6084901057
6032890072
6106901772
5978740246
6116035278
6103931171
6098952219
6072628782
7402487921
6134188354
6131492905
7408728887
6132650049
6117861794
6119362256
6060710588
6121716775
6126218075
6077389784
6111580577
6127613499
7319819122
6013168536
6122970082
6056176278
6126809991
6033498219
6100454934
6001450983
6140634184
6043831714
6122918886
6042665059
6075009290
6107509094
6133105090
6104703638
6046599686
6120381530
6120804827
6113710860
6068177199
7410402162
6077115626
6111499192
6129032343
6124115038
6128427990
7415099125
7407403251
6119480025
6128498850
7417860854
6121243737
6133715401
6123099989
6135893449
6082364619
6127603170
6077129642
6058920607
6140615944
6123723047
6129019646
6118082410
6122179118
6137592010
6070536548
6113783595
6137433163
6138915847
6122646231
6117299503
6081522636
6072882331
6134875405
6128888136
6007226128
7386012727
7413918321
6125202054
7418179060
7408861686
6120261826
7410637427
6065450147
6126370861
6120170641
6123467751
6131575506
6125191319
6127976194
6065792896
6113159996
6134098310
6128845154
6129296766
6128513056
7407827696
5459617086
5977409531
6092280418
6087107455
6116576678
6122242149
6132338780
6126515618
6129142439
6042576504
7411431283
6128738966
6127360167
6129823894
6134394117
6128858849
6093336894
6108654689
6129577837
6139503306
6079779365
6129406157
6137374599
6125864813
6137587135
6127652346
6123949253
6139851524
7396441456
6108019095
6123637853
6109385389
6134937539
6133229761
6130826061
6127363883
6129852097
6129104554
6071352028
7413948145
6128697313
6130789640
6124988908
6130721440
6128102446
6090977678
6131756166
6070845918
6045837337
6074404303
6060881965
6129837479
6078124547
7353162354
6087380735
6130605014
6124786795
6130415826
6126775000
6131339833
6052499548
6103004093
6136376265
6117336336
7402550838
6116468078
6123629780
6111506968
6132407352
6130860899
6129960656
6137634125
6114604002
6119453712
6136402758
6118219866
6129069993
6041369574
6078316568
6107316190
6077053308
6083307906
7406082037
6136799054
6140024835
7350658547
7415207221
6130190843
6036989653
6084021772
6116894294
6124382525
6097578177
6023144740
6121101754
6053188627
7409762933
6124579448
6136261071
6086843975
6121658435
6089050838
6074683614
7418090868
6134590341
7411526579
6112321117
6115559032
6131576722
6066567702
6128899169
6105243560
7403564213
7412905521
6129820131
6124658762
6122148182
6128641765
6132903357
6136362369
6129670489
7414473717
6120911255
6117756205
6052988718
6133609158
6132084995
6135069948
6130750802
6126722686
6126910136
7372996980
6130559161
6094817995
6061449041
7410900019
6135432060
6134124355
5995779972
6126121981
6126403472
6124680671
6125713849
6131542744
6132880111
6113365533
6104757842
6059355995
6061171538
7417877878
6130776419
6056818334
6087624782
6068233315
6117868177
6065132267
6053050218
6124993797
6132620995
6129855069
6012422571
6120559719
6135514235
6121388994
6054244681
6068002579
6127354598
6106216193
6027488138
6060121208
6132916015
6121386775
6113741037
6125701637
6132916783
6128693094
6081598667
6068799335
6136687439
6066641296
7362070515
6117129659
6116740751
7375799729
6056971946
6126800468
6131556841
7405679088
6127552185
6068710338
5993991015
6135921615
6106328294
6105687202
6096170665
6131332969
6130705943
6122288288
6105632936
6120165921
6066456269
6128437185
6133116764
6118451740
6133658301
6112151261
6078801369
6131423367
6033359567
6075764227
6103836387
6105414349
6090953833
6124297401
7405561330
6135319676
6086736136
7380485686
6141781644
6112655179
7411462071
6131997726
6065731416
6103478211
6091633174
6074988293
6129728785
6120282594
7406470833
6102494214
6131593307
6131563920
6060350976
6126765991
6116651493
6129088146
6042637767
6131598447
6075061955
6050104209
6139863876
6124566038
6114779458
6121410668
6069065607
6035093094
6088747752
7323751349
6132032195
6100272060
7364729074
6124032417
7411085937
7412648435
6124899758
7414079733
6132496186
6125928511
6111301195
6096731174
6138887239
6114022469
7408994736
6127204961
6128238744
6117679641
6063219288
6137933581
6129616276
6104574622
6130857007
6109706626
7398973428
6131791480
6110514533
6121289248
6093255530
7411745783
6074681668
6103735784
6056975261
6119707170
7384020850
6030444423
6129600473
7412006129
6120455758
6092556783
6037842040
6060230148
6113978918
7386062771
6127785494
6128254190
6114252366
6120001887
6128338604
6115944648
6109746322
6126716896
7415657714
7408568630
6134028681
6123739768
6130516889
6126210641
6046122210
7379260465
7404264307
6130854975
7412402420
6128506669
6080541824
6114818875
6126661769
7338044599
6131824954
6129824236
6121749476
6021686917
6126256699
7408477942
6132042058
7403577655
6132811525
7411668721
6063648214
6126337875
6081641225
6120362256
6136820800
7411955767
6135309884
6133742333
6121846115
6131443101
6125775632
6073873110
6137196481
6086528021
6120200548
6135206347
6130318175
6137761800
6068785981
6113940715
6067869009
6062921885
6139115532
6123758208
6093737646
6129347228
6127334045
6116800813
6044295186
6048678795
7416779828
6059837268
6127357502
6070325178
6137558976
6105982904
6129589485
6129012952
6054015467
6136432395
6136679177
6089728512
6062192359
6111571667
6115141574
6098810963
6133744061
6038023013
6124464671
6063895783
7409368368
6039573374
6047383396
6038208825
6122157631
6056984155
7412730481
6124571418
6128924576
6121227170
6129675168
6075329357
7411372279
6124397469
6131681368
6068285326
6083827769
6071132869
6128363862
6137898435
6134019323
7408825719
6073142341
6129032702
6134637702
6129342875
6131947155
6138266823
6051697034
6053826500
6125349290
6055817387
6127098194
6129260889
6117119754
7408280689
6129877017
6085248917
6065483169
6131364816
6131532629
6042440038
6094820512
5428204441
6122293099
6055179748
7348949623
7406239730
6062004194
7341870578
6127391714
6129041168
6050239803
6126446114
6032187462
7292336182
6030250850
6077519872
6053602641
6129234942
6101947300
6001336936
6117166440
6103347300
6088236630
6124057184
7387296564
6123727059
6121228054
7407585139
6059872866
6127088723
6126407138
6095766480
6113091130
7327238646
6062054476
6076823755
6104045845
6080047681
6127373253
6076277157
6115384046
6134390285
6124588719
7411963255
6120048110
6118654472
6109642814
6134065283
6138945031
6103563070
6129648477
6081932292
6127818453
6091391515
6132330586
6100430341
6130361529
6128659566
6114298682
6003985996
6065973917
6129580052
7417967540
6107427094
7411305270
6120135019
6076527488
6137207809
6120402001
6136565449
6074025708
6057597934
6078721087
6047316316
6110529999
6130134216
6093705326
6138884428
6131431609
6013347966
6114571984
6053905190
6067145406
6117577764
6124298655
6140141763
6104964970
6047349848
6029845654
7410259955
6066276217
6031060969
6107752008
6126352934
6131562840
6040107645
6127065855
6118189159
6066258827
6134267724
6124452986
6131653584
6063613519
7385423408
6121881133
6117938984
6066025086
6070019259
5455008961
6130935838
6072931010
6106999419
6067331034
6127357690
7315867763
6057431993
6074518653
6063537504
6059565119
5990205857
6070859231
6126097370
6052866448
6124254997
6136000392
6133010060
6137504329
6085706541
6077753466
6115490981
6074597003
6127390568
5968838281
6058637150
6100347878
6131700240
6132104542
6120608956
6129233837
6132628059
6127254083
6140190595
6100042907
6116250782
6084115271
6140179336
6084567554
6132845816
7366476532
6053056360
6118535215
7360703860
6033488979
5982291282
6100650079
6047374669
6135477307
6130567017
6102351190
6082707027
6130972475
6131647506
6110664444
7358369584
6073092668
6107105508
6129647597
6064094739
6131895580
5463851139
6129523048
6074274368
6129078363
7404626551
7346819952
7388627063
7417983606
6056774593
7396269684
6065832908
7413387890
6052327375
6053517483
6133177884
6125882624
6125624132
6128124817
6039039971
6135987266
6085373990
6113179013
7399489586
6105872743
7417882230
6129360405
6125123546
6113604967
6126040350
6128556204
6059450145
6077404931
6128373989
6132845574
6120888475
6135851132
7410705847
7411648562
7406369973
6128757158
6132813119
6139659587
6131537429
6130945239
6129894508
6129138666
6139820292
6075193251
6129400139
6125199653
6130574937
6004649168
6088230333
6139598860
6130692246
6138058248
6099954982
6120323240
6126155798
6118297060
6079123657
6103184807
6129777889
6107178583
6085484175
6123892143
5793523395
7327176567
6110765854
6070209493
6127995731
6132564861
6120189154
6051863208
6063296930
6069636128
6067735377
6053529197
6114939232
7415083314
6123644387
6131599893
6128756191
6013093727
6035255295
6122026555
6116438100
6117514362
6118806584
6138993415
6125300937
6137698118
6122576608
6126240134
6135618815
6129766676
6073781770
6076628294
7391610932
6128468432
6129558181
7415245045
6065112394
6105743339
6063966545
6125740117
6127871809
6133132539
6118487851
6095286061
6118601943
6104913642
6094263717
6115596102
6103911975
6138097163
6094784475
6013533842
6109671891
6072577919
6102177698
5993659716
6067538365
5970282823
5463294732
6069300561
6109093153
6120791022
6133770303
6073104290
6130143000
6137105792
6126759394
6138428810
6103488939
6085519050
6069085450
6129656937
6134446715
7293846068
7396129332
6137073672
6107083943
6123122274
6113014525
6134535555
6133046603
6063185465
6097407132
6072406918
5461714562
6072457090
6005873997
6125194104
6132881212
6064280812
6087224858
6054226825
5434667076
6140723144
6125500615
6136883471
6075494507
5440979045
6114683748
6131518686
6123702613
6100956231
6011150122
6130940572
6101425019
7402060081
6125848448
6130939747
6052886375
6120763325
6129622115
6108286999
7384089591
5968233362
6105364582
6132259485
5389357403
6127907386
6059989271
6122404664
6066304419
6129685526
6129904172
7390143671
7414240949
6108929151
6109520700
6129974493
6133817405
6128817018
6065064677
6135585851
6077147535
6103975766
6118657958
6070390241
6105469953
6117160284
6137697990
6068680917
6122224495
6121866979
6095760272
6100722829
6092932415
6051111881
6114312520
6075932739
6061525604
6131659922
6117777004
7355844662
7261874226
6066811832
6137533190
6073877754
6079117384
6088318935
6122134921
6066962941
6118906497
6126439683
7411199537
6139471949
7347749239
6107703545
6070070363
6093862635
6086384720
7408574902
6104910236
6130681695
6129851211
6071143839
6078737923
6109101529
6057075180
5461451043
7378296500
6120516361
6031973484
7343927859
6071654202
6123771942
6058322202
6070958051
6137287053
6112442628
6061373716
6071146938
7417982966
7410858800
6069077514
6066040687
7417993974
6063195104
6130717920
7408823991
6130428633
6109858693
7349281847
6132013850
6137633792
6062591269
6060156100
7400788215
6123846523
6121788794
6109585801
6073692108
6101150573
6132204347
6096500202
6121581997
6057626003
6018834250
6104426838
6076550491
6075546186
6141713996
6073046150
6119308800
6068422536
5416549662
6120214893
6088337570
6112626555
6049185796
6135268997
6077241081
6069106944
5994434756
6135743170
7365436788
6078449881
6126787218
6099333646
6123667387
6088617565
6061846334
6028257239
5985140226
6129164374
6128137825
6135557442
6134357189
6140207811
6135594683
6139477773
6128557390
6130948951
6084503086
7409012147
7352420785
6039864167
6127575456
6030724669
6058140131
6119051535
7244838963
6127806310
7328371314
6081999618
7292317232
6137148813
6129185048
6129782164
6111147811
6130632956
6090420837
6129716231
7399998002
6139358990
6125342564
6101454843
6129881452
7408415731
6142005516
6089000687
5445630043
6118047578
7356250614
6109709003
6135493634
6131688697
6001206299
6072819012
6109749352
6121682708
6132656539
6135169352
6109515999
6139469517
7350244915
6047202919
6121541079
6125001871
6113841370
6029069480
6137652416
6137345935
6124843418
7307643889
6083256724
6123861716
6020227549
6133003247
6133794575
6056742460
6065482857
6062872861
6120769362
6130605821
6131329095
6137842687
7386358131
6067458233
6112935816
6128694044
6133804477
6135367687
7410875952
6077502024
6109177060
6134927299
6132542170
6129308254
6130558611
6130364234
6010313434
6122142126
6079204734
5404251986
7416344370
6124156205
6129814613
6107433637
6127463660
7387185139
6105814564
6135930890
6133166211
7359478325
6066030526
6136042754
6132130589
6116105326
6126504544
7411970359
6134792714
6126006121
7352145910
6088322670
6133006812
6041580332
6128980709
6110469530
6069958083
6073763665
6062730980
6125091881
6060697583
7410828464
7345301553
6077016027
6133166940
7387897845
5406964649
6118505250
6064561243
6129493226
6136318991
6132100126
7390176496
6131692537
6124127065
6079664634
6078955353
6113881892
6009600108
6135836161
6133506566
6079718534
7363147575
6039618968
6129049107
6084444262
7361466869
6018928615
6002689889
6131071672
6059192956
6119289580
7413669681
6135283653
6129294286
6048639421
6128295825
6067262911
7405956210
6089331098
6120469954
6059001619
6119943645
6122618400
6099351997
7351294455
5438853962
6130924183
6067633317
7337319984
5979985190
6081292126
6032253204
6128077818
6123500821
6126833748
7410432116
6072395405
6125082264
6077796872
6011772734
6131537493
6038966049
7351287990
6115415013
6079405523
6068664589
6119629599
5980828484
6073796950
6048336194
6114380327
6111333142
6126407814
7375943280
6127881827
6136954763
6129116962
6136955850
6118137582
6135979790
6129799572
6129993681
6136206478
7400742448
7347211191
6060305004
6129685464
6131655966
7374848115
7344787122
7412860534
6140734664
6068249900
6127962693
6138750851
5459319341
6078006367
6126672090
7325609716
6071149143
7405973495
6120476427
6131579323
7344987440
6114543865
6115487843
6128092034
6114897285
6126134509
7414966260
6128577963
6132398493
6025836242
6129821089
6128257994
6070504830
6097147363
7405846195
6128775577
6065545561
6125237060
6103036821
6139037322
6102070371
6115687466
6095508253
6060105107
6122511706
6121664196
7409144054
6117290212
6134659452
7415362485
6126187865
7391488437
6129573971
6128807398
6096355132
6127692003
7289992692
7410285424
6004749087
7378554037
6129682043
6130724438
7258245104
6075777439
6135539462
5409919451
6123950609
6131762762
6130929175
6129621351
6131843805
6114208019
6105408317
6116321045
6108295465
6103741208
7365818674
6123287651
6121778425
6069207892
6132988527
7355771893
7390583857
7390674099
6096370176
6119811152
7412165301
6056173209
6101952923
7402254196
6137807499
6121449228
6130626969
6057763734
7412573617
6135792844
7397010611
6131990611
6085124182
6133031855
7414695730
6067458363
7382398896
6123185706
6130751389
6129748065
6072965642
6138247947
6129360095
6120649064
6132819008
6065083269
6130024322
6111107613
6132557018
6119458471
6128766766
6127643602
5970957574
6121764350
6126902496
6056043028
6064532496
6063668075
6089168713
7418290100
6081007132
7408169264
6059242753
7351358192
6054743976
6082128931
7400721973
6133146204
6111823516
6098351976
6130727510
7327312119
6130621977
6098820053
6140336716
7406798896
6117857950
6132771834
7407168246
6091745914
6108485466
6135734863
6114123875
6066763431
7412649393
6067329060
6107616661
6114356307
6050401115
6132265530
5971759772
5999228451
7415516532
6133485637
6114317778
6121143336
6069187156
6129585130
6110802257
5432291682
6130778345
6088987751
7368950327
6128949576
7315547505
6126292845
6090762769
6019943433
6131647913
6137200961
6127033917
7358088886
6104381295
6129345377
6128059620
6064419622
6108398306
6128841229
6071707013
6137723273
7318788083
6033294341
6123001634
7417958902
6096114939
6034279914
6009762701
6076962117
6138998861
6094351278
6067342082
6129953055
6132562650
6139624010
6128984773
6137065289
6128758510
7403273975
6117160231
6092897694
6127227160
6066704903
6126767007
6050846526
6126018476
6053143933
6131643961
6130862752
6134422989
6130327075
6131727647
6118622573
6125520870
6105071248
6070561261
6117051550
6067002564
6140562760
6126977124
6032760718
6125934383
6108205671
6128139469
6047495811
6130775767
6120467412
6124421149
6124075064
6060635864
6130581020
6114444652
6138189192
6003438801
7348287793
6065181059
6058093530
6120452518
6136117129
6076874502
7388771189
6072692183
6130546445
6137523904
6137468872
6079377570
5971353281
6124246056
6122047168
6031666192
6053708770
6052784556
6109547093
6123937255
6122825256
6017271233
6092269709
6095039661
6132842076
6125066600
6116154462
5981694910
7344807473
6105396931
6118459079
6134663820
7415634550
5965482065
6130629596
6117992707
6113295983
6127268497
6130631705
6137615296
6129863864
6095451810
6128660324
6120641362
6128608595
6064339735
6140331406
6125325739
7352200246
6134679615
6128889180
6129088966
6120689950
6129128013
6130309566
6119660693
6123844719
6139512525
6125949699
6131683648
6110123513
6065743081
6061863002
6135776579
6125543105
6131350791
6130634365
6086309870
6129616977
6076424978
6129742230
6139295693
7389414709
7405909105
6126147309
6050094154
6129598949
6105048378
6125624363
6066985337
6057771453
5434587944
6128352738
6132900152
6060675285
6038809701
6132300216
7411134199
7346725556
7406078707
6029132205
6089488425
6056060588
6078204500
6126599139
6062496036
7404688818
6113940370
6125050093
6082212927
6114466196
5990312350
6123837231
6095372372
7406987249
6125038301
6128542605
6028592798
6118913102
6060488377
7338794741
6119313125
6127692451
6113673505
6075687494
6062463622
6118469547
6131623033
6131638905
6019724013
6106300104
6128016162
6084318303
6132734840
6130389273
6105966483
6006895933
6049189761
6024602595
7350892343
6139440835
6010154783
6132676315
7413022385
6115501678
6128525295
7412067639
6135478795
6033902240
7415310901
6122658808
6131015071
6103569376
6103026442
6099083674
6061840086
6120320532
6131672602
6063143258
5458370458
6031293148
6128052710
6060221026
6130577472
6133342211
6131038672
6065164703
6132843266
6121559133
6036355091
6028140949
7333524466
6131595945
6069021002
6125155677
6096128780
6126333972
7361083185
6069813551
7339460851
6076502468
6104534921
6133873984
6128495753
6083935018
6085343444
6041551440
6063083173
6033780433
6041868811
6134381574
6138253389
6123386175
6117262375
6061158766
6130750416
6131480541
6027489001
7385578480
6041403544
6079349646
6735606833
6137896139
6119490857
6038441154
6137532169
7383869047
6137146049
6074727456
6118004008
6059173497
6106375965
5996164072
6134703245
6090546717
6111475080
6127867110
6132774842
6121996693
6128148604
6128969601
6041534220
6137761862
6074512751
6119857552
7418000692
6129097642
6092701957
6131442927
6122368059
6132818364
6031300782
6095430436
6089597790
5998449869
6132921372
6123643093
6137614666
6136250116
6133145738
7406508787
6130880897
6122231358
6137598221
6064818479
6129226157
6107950630
6126732325
6126671317
6117114158
7340987958
6109016824
6131644565
6116699367
6129568993
6079888732
6038026429
6131670953
6128876378
6081142364
6069907802
6135631675
6066479708
6131242376
7408444983
6131714745
6130009041
6130009361
6130184663
6137306880
6125735836
6123824013
6129114853
6134839172
6130767224
6130953891
6108359553
6036060476
6131437240
6131645433
6010752523
6104334171
7411273138
6102186695
6130482985
6079308820
6103162331
5437570473
6120226839
6064189222
6044423172
6128475947
6123156241
6129539233
6129711905
6039605968
6133739404
6139045639
6128771438
6132675035
5440941468
7415088692
5442070586
6108318120
6108311886
6116619012
6075960255
6080784196
6136660171
6033367518
6131409081
7406896369
5997853693
6132350683
6129446686
6130606283
6126462904
7412278710
6097012794
6124197249
6105522519
6135549826
7410877168
6126086669
6123612414
6129674381
6131910337
5402971547
6130310654
6129117922
6123167447
6081323436
6132048979
6114019815
6038385388
5968399574
6041295080
7331507189
6129979985
6080394495
7410880240
6060158018
6078119306
6122402791
6131414767
6124778390
7400018096
6134937531
6055462302
6140241347
6066860960
6042344968
6085213135
6075975456
6103042627
6131732831
6127646503
6106412440
6100428772
6131638430
6107126565
6082459111
6122256036
7294911735
7411902391
6125286811
6109768045
6121628892
6133942990
6054005025
6137868159
6008762466
6082221518
6125867474
6126779887
6136338819
6121783393
6070302733
6078847641
6061201148
6127882414
6129736835
5969569577
6120902563
6043893229
6114824069
6129541988
6121916519
6130480248
6065229308
6064628778
6107757091
6054134489
6135213125
6137526726
6125255508
7397518004
6121892669
6107544618
6129695981
6116924510
6132638148
6117669370
7394286387
6120567205
6120622231
6080235685
6070885538
6129102169
6057273040
6128820246
6066209619
6131699344
6130062207
6131675817
6103791305
6135347022
7376172848
6129973607
7321130483
7386579187
6116394585
6073916489
6136067074
6137716681
6139629386
6134549253
6103585069
6054366230
6061884119
7412444211
6136093574
6110632265
6117604387
6119846009
6026267110
7363580083
6129458349
6127095676
7410422901
6130080917
7396808311
6133535101
6121856853
6129865936
6107022349
6104402317
7361850740
6118710056
6115360187
6031809153
6115093869
7403209202
6124632029
6127081813
6121004514
6109167576
6121133995
6128911358
6076171595
6126585837
6120033643
6085990731
7411841527
6057015774
6125862691
6029483308
6128942998
6130504536
6066581482
6137912588
6121211731
6124540251
6128487496
6117050399
6114051871
6131900186
6119066919
6121885161
6080753432
6056446125
6096689880
6127672741
6128777323
6084348408
6124610947
6127368315
7416317874
6130336727
6113967418
6108527902
6129848273
6130827858
6130084217
6054929391
7381031030
6117992995
6128866019
7337744246
6126267295
6130949231
6080121185
6128295149
6077205671
7408312182
6084459690
6128145982
6129865569
6117517946
7406565429
6127034435
6128427366
6120776899
6117790658
6065118969
6050414864
7404323959
6064916561
7388074289
6125636665
6032520515
6138246411
6125672346
6126862421
7409700594
6131117855
6125861496
7355780660
6085863962
6070208860
7349657330
6138110147
6128824614
6072739900
6127417384
6129536921
6125075930
6118002207
6123246653
6076738276
6008735140
6117301117
5982303932
6107549988
6131756496
7376022385
7414944565
6109320056
6130973712
7348047543
6128929274
6087574142
5438567448
6126683694
6072018605
6132907899
6050184388
6123877027
6118010581
6109804190
6130646809
7408197168
6128355617
6109679942
6058895004
6113938668
6057353128
6108038694
6120879009
6062959579
6122582766
6044993192
6018680230
6048066576
6137250049
6074944420
6118297745
7409274864
6111783946
6099471425
7418313332
6131767824
6111853083
6129567312
6064777182
6067110116
6032633563
6117664009
6119221277
6071083398
6091815464
6113361370
6106687022
5969531430
6095653048
6137682240
6124470442
6072472413
6138684234
6002099800
6130758466
6053682144
6129852997
6108194334
6138291271
6052924523
6064049182
6043309129
6062078361
6121495135
6132421277
6058828258
7328846324
6090741998
5972618221
6131497280
6105152934
6080143950
6010426017
6078835847
6049093542
6132448028
6134248966
7385812146
5463390185
6111091557
6095198077
6112435578
7418040118
7414532212
6122948586
6131738425
6086669083
7400841010
6129355375
6061406181
6074627500
6131314409
6138292552
6133473034
7398937396
6138160196
6057591581
6131531945
6052939478
6129606504
6130060565
7343927926
6121598728
6129487909
6121939302
6123597673
6115629211
6122325246
7417445430
7395112625
6126328219
6121422744
6049933677
6131279721
6129977388
6083487177
6065478762
6120960686
6132037587
6033991075
6126801435
6053259912
6064844693
6132060415
6124937986
6106224350
6131997507
6129393448
6078546628
6127045355
6127562605
6135338565
6118591333
6119584494
6058594655
6138318604
6116931734
6128277240
6132708763
6113591648
6120673125
6047123989
6114624935
6118604890
6053537930
6070953068
6080171926
6001739118
6114989024
7321132980
6135439484
6072294828
7290398070
6057626768
6124016229
6129834324
6126080939
6034241129
6085718817
6131394553
6126561697
6131271568
6063453328
6124745848
7408714549
6029053051
6076091038
6122360143
7418340852
6002179529
6128587242
6128389291
6130719011
7342272882
6070916104
5444857525
6125547154
6130047633
6118290212
6130616792
6129546789
6110521637
6128734022
6129272022
6133873853
6113163705
6137687375
6130674841
6109333794
6130909536
6134481218
6135809487
6128760299
6123015129
7358116982
6054774935
6095618137
6130792867
6126412625
6080366854
6044058104
7394778996
6136058620
6141776398
6117722199
6067761848
6127306751
6132604634
6131707753
6035621567
6129113539
6052317076
6049489806
6112345099
6009991181
6083552655
6109491880
6129453780
6129562269
6109199258
6068130979
6112859174
6105837023
6075521816
6127350121
7354875633
6066784035
6074341948
7401312114
6126533391
6131687273
6072647168
6127738502
6125891732
6106644269
6074559116
5433892042
7345168053
6085997640
6129210209
6047396099
6042827128
6067791800
6133259036
6139557706
6017016107
6124536130
6112876045
5409856454
6018056465
6120398046
6131051102
6134704269
6131765343
6078756539
6118414744
6127657625
6131016469
6061904060
6124739679
6044172314
6128603163
6129845396
6132462557
6107206063
6122185421
6129796349
7410904691
6102201451
6132128641
6118513595
6133612549
6129898145
6129758058
6087941944
7400150896
7417122486
7364751094
6136001601
6119786453
6114584619
6095484540
6072829466
6119012537
6137716416
6110486872
6127022679
6137810958
6059921191
6047791488
6062043864
6121813615
6127499340
6065036781
6133039995
6129990658
6134518862
6008216328
6057863975
6018003850
6116766630
6139564104
6054789273
6128710114
6127349806
6117617858
6034358182
6125457344
6068061975
6053697326
7392758837
6139993667
6137255945
6129634981
6070879703
6128275192
6093115161
6023412953
6064940497
6076988143
6122328858
6070876417
6070436975
6126514479
6113200998
6131693305
6056389207
6104129926
6110744166
7407964855
6075574148
6132565636
6092665615
7414935794
7313754103
6137506879
6080974973
7418077046
7378162993
6130776534
6112401668
6105038103
7405733106
7401582197
6128810862
6129450502
6142069452
7310935284
6126711087
7390556274
7412103415
6055635389
6101583249
6129298856
6138000071
6087752476
6131626197
6009318494
6130670425
6122103237
6035102254
7399278645
6068115239
6130775254
6137715392
6060042247
6137294273
5975593320
6130775126
6064447169
6129292624
6063562215
6070084265
7391760116
6037409187
6112866876
6131582815
6043374074
7366376179
6127005867
6132116507
5982821089
6032075793
6138783879
6051804776
6064544684
6052273824
6089250925
6129809944
7391911413
6140434828
6136100226
6122909922
6132814269
6064588314
6073288232
6081884974
6127474587
6131329109
5378772477
6127570478
6103504644
6129282314
6107501411
6039098269
7390390386
6131354000
6009073576
6118908009
6122232545
6069058232
6111496603
6106474145
6076198404
6080095445
6018442185
6117298524
6127364072
7383187063
6129992167
6134739017
7410238448
6125449528
6119259293
6127611751
6101960264
6130927907
6130187101
6132946488
6124441805
6118473155
7397162099
6132046269
6108727084
7408637362
6115329834
6022481317
6041896637
6128858598
6094515938
6129762794
7392361910
6115812904
7349564214
6069040104
6063930206
6041757225
6063126277
6131070672
6125474862
6124410641
6069860947
6119245459
6127750562
6116771175
6053638155
7416408946
6139354186
6059355039
7399797878
6129755035
6044039557
6111169048
5426488797
7414078385
5988882890
6139556365
6063474821
6132214858
7313049587
6116741032
7401111028
6080097954
6073489695
6047236333
6130227235
6104575238
6118637994
6141785422
6118117839
6135719298
6101585932
5391018974
6059398871
6129463828
6074928232
6072810577
7395863796
6118562454
6058127185
7415818484
6133333115
6068189667
6102471705
6036966114
6118295470
6070819013
6135501122
6045155648
5462704531
6128818062
6069061103
6129316517
6031790635
7415417909
6125563656
6075753565
6128749972
6116344587
7410857649
6078252390
6130324416
7409161783
6129989804
6142072652
6112501980
6024722471
7418354100
7274103539
7386004144
6081578022
6131021825
7414108337
6138290507
6132824122
6120832094
6053713448
7412082999
7411715889
6124299366
6119533539
6094194063
6059394282
6125597596
6099271901
7378760823
6103963856
6121677672
6120738260
7394018807
6061737819
6129033172
6129065066
7280446515
6125323193
6141042254
7352405939
6058925780
6126545192
6081805501
6139556877
6034178536
6111832440
6124973946
7307977140
6140694536
6131777375
6126556539
6129445822
6039451019
6130974551
6115808664
6136107714
6127780575
6133898493
6070870080
6059183456
6130359166
6109521372
6055528012
6116531753
6125193405
6052495684
6137747337
5989607042
7414108529
6128862246
6072488202
6073521669
7406475764
6112303690
6128652882
6080137215
6118832387
6084611966
6102553096
6137724544
6137724480
6137565635
7374787186
6087143010
5418721631
6115876757
6057067151
6060300560
6027783844
7418086262
6115279592
6102713105
6046804113
7339197808
6122220706
6077819293
6128486057
6142075660
6132951672
6119486572
6129714664
6074575432
6054371989
6136015629
6111114463
6138144715
6062322223
5980859514
6098169859
6117104487
7350123505
6139670410
6060926279
7336495155
5459345006
6127387104
6110691019
7412012279
5460466012
6126143947
6064363498
6098117066
6117732043
7398242932
6077666850
7398106804
6130428053
6127816660
6040235580
5982405797
6068621143
7418330676
6126755272
7412164661
6108232953
6075437422
7383976752
6062807641
6072196954
6127420967
6129770282
6108219942
6129984222
7360807603
6050205901
6135957382
6064091560
6107725958
7416417398
7416335794
6088634198
6117039944
6050258411
7344985842
6132883484
6119478636
7250331955
6011708346
6133290588
7243849074
6049005396
6042997564
6073389510
5981045211
6107486079
6083595740
7412086519
6113872546
6105463353
6063700745
7411748663
6107766691
6126477629
6070091772
6126700347
6064588415
6136072188
7355369843
7409748407
6080047658
6112315778
6065387759
6118375191
7351409201
6119446996
6066931726
7416534452
6128826859
6063877116
6111138133
6132793338
6029765909
7250072949
6099188811
6131669205
6081666571
6131721449
6131805712
6067743394
6047717485
6107007067
7392119924
6117416986
6137316481
6123238883
6123096426
6131031907
6074373712
7347933296
6130350482
6127611105
6120705698
6124853374
6129427565
6135116806
6067345592
6029698987
6075176255
6038267617
6102898706
5968645999
6123623014
7307159414
6078042836
7412214706
6137033417
6129734433
7268687924
5459192208
7390864113
6118358758
6066845309
6129730794
6138600388
6066444700
6051918191
6119798096
6120373449
6065857619
6132108101
6077690666
6137592009
6127753628
6038062117
5444106621
6137919423
6018150445
6132190909
6030938336
6122859095
6046901477
6065660563
6132295360
6065223042
6023794668
6128828075
6064908798
6130936160
6124289182
6085493706
7348213873
6128227794
6131031139
6126379368
6006006248
6126592828
7383814327
6086273095
6132958776
6122975067
6129930980
6055911629
6120162954
6139073607
6132863224
6129688190
6113848111
6084503150
6130704330
6126763792
6139666826
6136275011
7362224050
6137757897
6116325742
6117175435
6110112979
6139462669
6130773405
6121765218
6127540892
5445881990
5966111938
6008443731
6084617358
6120935598
7379145779
6115899690
6128241150
6116781139
6105693738
5390407283
6133702537
6136725705
6000241323
6118357599
5383856395
6070432060
7410418743
6136986950
5981394823
6129901274
6082424324
6128764324
7316504695
6018380493
6734412529
6115792075
5396456090
6073384413
6072199511
6048311372
6132630811
6129791199
6128328046
6068811423
6142084364
6130337513
5984750729
5986816892
6128052319
6129728040
6119540566
6131498331
6132459524
6125494267
6103272811
6137504847
6129866068
6066666964
6132485341
6133097455
6135693243
7412127543
6132214302
5408043824
6083542332
6131050327
7395357107
6001012984
7418052470
6104274007
6132954095
6083623805
6125476412
6142052300
6059347366
6049585853
6065435269
6128160711
6132154718
6037234108
6077546425
6075822943
6135669884
6117075880
6086202315
6041227598
6132594906
6127274467
6093004233
6130711495
6130529913
6133877309
6119811032
6128859562
6131045655
6140774280
6136936393
6098137899
6119374929
6133919293
6124191904
6044456212
6123971320
6109965020
6120657448
6057740012
6128558930
6080602392
6127758042
6129889115
7412416370
6057136686
6131563352
6031111554
7342240309
6129435704
6034351054
6122862549
6108541911
6076291485
7414529205
6082619141
6126282409
6096671691
6007568957
5984241087
6009457211
6078551524
5989821650
6136031490
6138313419
6124952346
6115012883
7359218035
6128901593
6127246176
6117828002
6137931839
6139692874
6136707974
6132342970
6136916227
6104185119
6130876546
6116951274
7411162803
7383072820
7403559153
6126555557
6075893868
6062521880
6128839339
6132027283
6131840856
6130060393
6046636363
6028305567
7270670897
5993645477
6127903870
6130735683
7403113393
6125747345
6130828640
6025505441
6128830894
6130208459
6121893792
5971784156
6117223454
6135699131
6077361855
6051087630
7418102454
6116370816
6033121370
6131765650
6124253465
6040488658
6129999641
6069550019
6131206300
6072784127
6129197153
6036624809
6057662055
6062305387
7380647986
6055605081
5996352330
6048622402
6028750726
6131151175
6114696511
6131774905
6123373819
6089023875
6056226965
6119987435
6111765842
6121968480
6140778696
6122216456
6137856582
5963913961
6087627781
6065343658
7393381426
6129602095
6119072495
6133149468
6139085063
6088145674
6128879679
6098031068
6111814554
6128165664
6131708053
6088669205
6123511399
6115497473
6051750238
6048096455
6093952145
6095911307
6113310716
6093705363
6124390491
6138876876
6131799696
6137792649
6132043405
7400543600
6117444369
6098013030
6058084876
6076836097
6022428374
6132636890
6092700641
7406426291
6103547177
6021010072
6131426409
6037217923
6121674988
6130745747
6135216526
6103555818
6120995690
6030549268
6059921400
6137999947
6129929433
6063176536
5430756393
6071872195
6119073931
6115841311
6116857573
6139116103
6136176007
6104526662
6064345534
6127407999
6127978757
6039640679
6123708759
6134969286
6044764491
6096578127
5998916388
6129233642
7357014002
6062868718
6129062494
6071163410
6075666233
6133053949
7414097137
6130701017
6128840235
6137860998
6142093452
6129608510
6121471711
6062206176
6059396298
6121661529
6128510672
6136024956
6050940092
6107078247
7414127217
6133417789
6139121735
6093301474
6055114472
6120078932
6125749018
6068526584
6127930594
7335268080
6110648484
6129949732
6136232263
6064441798
6079504336
6066109694
6100869550
6141799564
6081346654
6123029884
6005143916
6139655242
6102942040
7413346545
6119867351
7410646647
6135496324
7416033846
6041078947
6126895456
6020060194
6110631908
6125687396
6131295896
6130949920
7416409138
6124576251
6111274241
6121050286
5449676364
6111905790
6130676639
7368785205
6125554981
6102733756
5425535923
6132966492
6110637842
6137798793
6139395844
6067864926
7414983541
6129764845
6130608217
6136129218
5968466066
6109759194
6123134351
6129801676
5990698558
6130069975
6087918016
6056927506
7384739696
6139473155
5784256454
7412218289
6128317412
6010423138
6140833928
6126045219
6125699728
6131322296
6113222275
7403976758
6127050041
6109818388
6133074479
6092516830
6126121941
7416435570
6131049251
6111516840
6129219565
6090786714
6127457828
6094745752
6111886931
7413905265
6131019113
6114624155
6058249433
6040084387
6068640791
6047990253
6110338520
6106441184
6120005531
6104051072
6124513729
6137808655
6044912365
6132194524
6129354950
7413574449
6084064621
6124756041
6129384295
6063122520
7404812598
6120860568
6129287970
6038482862
6138534275
6102935318
6132307483
6035584149
6067835298
6031055192
5401363512
6129767021
6072019738
6060076426
6135540559
6123381330
6142058060
6087066884
6076243046
6069324874
6129670550
6040175645
6087134669
6117291810
6047042241
6115515717
6131801437
6132106971
5966006420
6064166093
6060477404
6134212100
7414168309
6120176940
6130581308
6130512099
6121892765
6131717305
6127685080
6074247112
6070252217
7348726260
6107250876
7412994227
6101701081
6066507851
6122195600
7323443125
6129837460
6134206975
6049705052
6123914340
7413267122
6135377925
6131781497
6138097803
7372784885
6129916068
6040119514
6075037135
6117359814
6069822355
6065745116
6067856908
6079515012
6118654109
6067837665
6129908155
6064938246
6053495959
7358340085
6129299746
6119032746
7418109238
6070370718
7354436980
6122525570
6130364926
6132446980
6132096731
6070178836
6132830458
6099971913
6094950665
6128410873
7298639666
6126296203
6066101905
7416374070
6114289601
6115561249
6059973293
6130049575
7401307248
6034543380
5463236378
6065392236
6073618386
6066649427
6135707899
6086855443
7403476919
6071462557
7343515569
6131336074
6128958050
6113886156
6129176748
6077798692
6137759176
6115671909
6073439618
5982747644
6021569175
6065619847
6129796522
6034948063
7308223920
6126482013
6140242883
6134583621
6127692964
6054818757
6064815976
6101999174
6060391343
7410145136
6125117101
6109164562
6090336866
7382704755
6124659329
6127027333
6072327386
6089253677
6128896964
6114886270
6129670245
6136146575
6045389144
6130137726
7418104694
6126810343
6132502557
6074830023
6129472220
6138988612
6128637663
6076145949
6062892574
6129105608
6075023397
6043724541
6054394643
6034036368
6115692072
6130655769
6104466582
6128840491
6055048586
6087250250
6133226884
6062055075
6114924502
6081106655
6131833936
6126605359
5979874919
6097333422
6121989869
6012508819
6127486931
7262720113
6078565097
6128136363
6089172646
6122903403
6140003140
6075435017
6055397738
5419750956
6128996637
7388548661
6025079470
7349445940
6025234538
6011492364
6054327947
6059156671
6111336442
6136743812
6119280726
5990851028
6112748985
6123963479
6057232531
6070195865
6115172548
6124488361
6125967918
7397848247
7408864373
6130368584
7388117237
6129742750
6104553839
6055615007
6119249358
6036431874
6109851393
6096700010
7402988400
6055311383
6127462672
5994730499
6117584282
7340992371
6106716989
6109414874
6137808393
6138952200
6113075170
6131065488
6050772997
6137871558
6050661792
6137747263
6132784207
6077536569
6131276608
6075449998
7403430646
6129558108
6072221590
6124660122
6140324803
7414123953
6082227789
7292134580
6131575962
6134325567
6101956322
6132111556
6136098748
6054895023
7409422263
7411450417
7369112434
6141036110
7310622710
6132328379
6024646025
6128155294
6110359598
6031880283
6097011410
6027599505
6025260318
6129893332
7332729526
6072606850
6025999549
5416283188
5989294788
6100070062
5462263195
6119437480
6019946845
6104351261
6129259809
6121260072
6127855147
6024594599
7323398583
6125951359
6114936045
6137759232
6137875398
6137756608
5995197993
6112794771
6114572898
6134609723
7402488113
6135382599
6085541510
6064358600
6109347048
6116720081
6061392706
6128419629
6045709798
6129000228
6100996480
6104823599
6136068739
6122616401
6128642362
6142068300
6125237668
6126971856
7403271730
6123736021
6130766679
6113456541
6128897382
6116960038
6086900803
6114260652
6132302086
6130096657
6128868897
6064681683
6046068522
6043476719
5990976226
6111803332
6098117179
7411992177
7352035059
6042401967
6063316171
7299348914
6117916030
7402550193
6130058151
6137871880
6063834215
6071589007
6121843457
6000857631
6124091854
5463193094
6129807018
6096339138
5986521991
6113532348
6113607800
6110757048
6109101613
6112447613
6068163017
6131279757
7414148337
6125044250
7356639601
6139134087
6128557719
7375918192
6064886534
6095291278
6139195405
6077015898
6056649834
6129956708
6066843036
6074968423
6058770410
7410449968
7409384625
7346504688
6135802751
6139609678
6077450000
6125701662
6056262673
6114259706
6134853839
6134641669
6129260041
6048270859
6129318050
5986733379
6069903388
6127541526
6135649595
6125265277
7413009523
6118388579
6115509733
6083985165
7393172658
6121557025
6044058631
7409005106
7347238066
6140584264
5978772330
6121500749
6129409770
6084820563
6073659073
7252465140
7245330611
6120626498
6027285331
6140051524
6117365717
6129335327
6059980049
6094489326
6108651115
6129896788
6128525116
6093399451
6063292516
6081526140
6073991402
6103384515
6108324067
6128148792
6130751727
7300627251
6137777609
6133457102
6050762435
6128975784
6124337934
6129801130
6102736857
6120797755
6111642342
6133060335
5982395087
7415321781
6124901434
6132990205
6102965329
7316090807
6131842562
6131794322
6071173952
6123943264
6133497605
6075540117
6133604866
6140290574
6131821023
6124578197
5391114284
6102695972
6134172808
7359073330
6131110107
6139701256
6119457368
6042439956
6130070055
6129803732
6130810829
6131298821
6138203080
6133260617
6079888056
7314593140
6127792138
6123852951
6098311335
6116171530
6071193675
6133139228
6060789407
6129182356
6031345405
6116670417
7410670768
6012027027
6107090260
6107865048
6038047210
6129472857
6074511055
7397587959
6116317139
6130828054
6065626686
6119904616
6125693468
6078906878
7411434038
6110621203
7407181297
6118383969
6090456974
6088993349
7410954416
7408819189
7367452660
6128647720
6124195629
6062138972
7415328053
6140852552
5458430309
6096850843
7348625073
7407697009
6129118290
6066539691
6132977720
6048114880
6127066603
6091321810
6029537528
5964068367
6134729740
6122340463
6127952169
6112176175
6126016912
6129362085
7411634483
6133130671
6074806429
6114439302
6053006818
6078047185
6085241273
6124738496
6039571611
6061612588
6059345559
6039690709
6070661511
6131696734
5412185062
6064953032
7403705717
6065914939
6012476574
6133803202
6126384859
6001369697
6003635410
6120352907
6054322936
5979041610
6073119301
6134496194
5431529963
6128086996
6129233491
6128552789
6128174162
6130733273
6088651096
6129930010
6091685534
6113836153
6068100492
6131725714
6110253270
6109086948
6127940056
6071672216
6065957602
7412113719
6110039137
7356150832
6128108116
6107531539
7376759027
6056454845
6134368206
6127366169
6105376471
7415464949
7409318706
7362861169
6140242563
5384564008
7395944368
6062769737
6127550956
6141186316
6129431461
6114868508
6114729346
6132146579
6130974688
6129582718
5969887429
6128813870
6110467421
6103735304
6112809656
7410982384
6128909734
6132613512
6128013858
6028158380
6116798160
7308281911
6076604377
6119151578
5994608089
6040000428
5414854829
7412303155
6128822446
6097225409
6126063966
6128279754
6121695645
6097784899
6072129409
5458415444
6120795093
6123095951
6118205014
5426451569
6119454859
6066715394
6102010891
7351638647
6139599309
6130071463
6131638266
6127099564
6100663892
6076369302
6126672521
7415354997
6056036610
13435062
6054819156
16073483
6008750264
6131703061
6102991199
6040993630
7348945013
6120605626
6031343674
6096083544
6106171811
6068976295
6052423496
6027288997
5401602645
7367509808
6135599112
7408627824
7408352881
6126693049
6122258983
6114219237
6133962621
6124831739
6127565247
7343982195
6109256813
6071689617
6121711689
6131247704
6102392170
6140867208
6122671485
6047914120
6128878254
6123373286
7319763888
6001478788
7394812982
5989619911
6056587492
7352740660
6133809468
6069616108
6139617421
7415520562
6061567462
6121789227
6111370921
6128552801
6080020764
6124132588
6136734286
6094041056
7305822386
6117426517
6036321830
6131742613
6129618922
6098059427
6103422091
6132430149
6044354047
6069241583
6131095831
6120218159
6136166151
6055868759
6086358992
6026954018
5419477586
6061901675
7412173559
6128209362
6137310476
6111427853
6126025452
6055498475
6066479401
6086600190
6115321826
6079589974
4551148
6118325959
6041567272
6065877546
7410908790
6128836196
6129623881
6128239595
6118636833
6124597850
6084945796
6086300371
6134728899
6098631571
6138470605
6110474280
6139150471
6094455866
6067111751
6079333386
6096990222
6124254500
6063758818
6077408920
6115713361
6067455694
6076688761
6132390458
6061017361
6117517273
6056495911
5462923119
7411279669
6068964754
6129867353
6130630639
6132277507
6066252991
6133870269
6083486211
6029006564
6108910303
6135214790
6123079197
6111029275
7353104050
5998480198
6068516628
6137475339
6115232512
6070975144
6121641170
6056744366
6103737149
6131404550
6132884867
5972209583
7400840178
7361106482
6110900511
6129553811
7418048436
6115909039
6129955220
6125828735
6125846295
6135452165
7378799729
6107175252
6131786645
6125929428
6111686653
6139644301
7343977715
6134004669
6126565306
6055872172
6129636756
6115267114
6128173947
6128203750
6124663235
6121326226
6132205467
6121928901
6123393752
6131700217
6126286635
6126459686
6046135032
6131860665
6101842872
6072528798
6078071501
6059805396
7335796855
7412222071
6122869655
6092981960
6138173515
6128554938
6080358790
6131859769
7417234102
7374681975
6128330068
6087871694
6068272724
6124595683
6024797334
6122008145
6115579590
6049209924
6095691168
6031158038
6133957386
6037708198
7348589557
6108660191
6132819163
6125794424
6064005161
6080204995
6119012971
6055978895
6052831488
7331572663
6113235090
6131689016
7412375734
6025567519
6065754861
6114982082
6053867543
6122460953
6035693767
6076695101
5425133865
7407914292
6140118532
6077491361
6131807593
6103922956
7318364725
6086042956
7393743607
6132575645
7310170992
6076709324
7374460019
6123440860
6119544062
5433272381
6081628815
6129179790
6123809108
6136811139
6128535915
6130440830
6107153763
7406142640
6126844253
6128359061
6129250020
7407220789
6128959270
6130981216
6138776076
6132916986
6069965371
6133101103
6130015780
6066581140
6138781123
6133605387
6131966712
6006612041
6109735252
6075711047
6063427823
6121533036
6139202823
6117464482
7369221239
6131803625
6118811112
6124789176
6109562106
6129485817
6118240919
7338716146
6115501547
6061245994
6067102729
6054323135
6129959188
6120079641
6123269614
6132772571
6005326805
6088795179
6107770596
6089153120
6125689060
6124805178
6128008299
6139953284
6111056109
6129037257
5458917788
6006053839
6068232869
6093058953
6071331196
6067140708
6130065111
6111975942
6104196351
6137143689
6127420835
7389759223
7418421748
6129898374
6102188437
6087619538
5446003075
6125400556
6127224129
7339118195
6122933347
6130881722
7401654775
6127183678
7257299637
6130825056
6135787899
6135787131
6054913445
6139964680
6125525475
7409854709
6126272666
5460384655
7402205494
6129513425
7416515442
7409996338
6126150830
6126623584
6137736448
6133180143
6089965822
6134974343
6065812956
6096160998
6132190099
6125275748
7413018099
7411694577
6036875486
6128296852
6058699991
6048847622
7289757683
6069308472
6128492372
6116956925
6003622869
6128770914
6129219604
7416517362
6121941989
6124524519
5981936057
6131435776
6129668361
6134094971
6095032510
5977787851
7249039472
6119319965
6027855844
6055095399
6126610831
6096144623
6141889294
6017994013
6098874661
6076759149
6131442287
7377992371
6064368685
6096520730
6116494370
6130010593
6104017178
6116868333
6108003652
6053048429
6121258749
7412280629
6126877079
6127170642
6128925102
7397486135
6138782404
6128989789
7395389686
6124564010
6131991320
6132309598
7348133811
6135941129
7355952693
6133057848
6130572749
6130045638
6077762840
6063695336
6138019839
6127151309
6131851664
7330964982
6131905296
6132740678
6133403484
6128042917
5457717856
6117289720
6140748552
6131811753
5977565791
6128408466
6094881476
6075541250
6131949506
6077173373
7398856496
6099576147
6137761415
6119228774
6068794335
5439558703
7398031156
6109040386
6128929963
6136778249
6079037246
6137460929
7412526643
6127093727
6052578624
6083183132
6127291357
6084571276
6127948653
6138411531
7339544374
7357446518
6131839448
6131428882
7389489265
5989801888
6037527457
6066987947
6131577337
6118706772
6137875471
7263185207
6104900435
6121677547
6128370082
6061739114
6061261142
7413287729
6127615877
7415707380
6082735150
6126748799
6103291822
7338468855
7330041717
6006223745
6130130855
7412229175
6122146402
6132729754
6123308536
6118857647
7404550710
6068403524
6133197871
6110040187
6116402788
6135176143
6065543391
7343353203
6045793308
6124721880
6116517398
7414218545
6131995992
6112977608
7383879539
6137885065
6055199098
6130946848
6139212743
7412231287
7345527472
6111048486
6138366347
6127599893
6110510864
6133161071
6063325251
6118685286
6030355326
6128912683
5987741998
6139211783
6126481381
6121425491
7401841778
6129635812
7416515634
6121554791
7410116784
6019997213
6131037216
6107497440
6121746478
6070279596
7351117937
6129987175
7350310582
6125484261
6131671506
6070760615
6130800345
6040124638
6104978347
5970126528
6116898835
6105368893
6140401283
6130102828
6012994751
6036193822
7352277558
6131033440
6068919067
7405784500
6132259503
7413039219
7336930614
5427436610
7398374519
6131790686
6057611974
6062239439
6028977558
6132399983
6129879594
7397986033
7414190706
6140774604
6132004440
6108107616
6135465605
6133071800
6140359491
7418340596
6133783041
6123517294
6118106278
6092651512
7416532978
6107395643
6083706818
6045912251
6121213545
7418475124
6086873699
6082353163
6130039907
6132456065
6074890721
6129861354
6074103066
6127811580
6099256389
7415479029
6140408515
6034086313
6132366607
7337139763
6111449697
7349525492
7408351351
6103303081
6129700906
6046859846
6102298280
6061885408
6068173519
6116066219
5382547629
6128941099
6132216083
6068955547
6121780385
7340602995
7263673265
6075869694
7372845749
5379030955
6118377854
6073988036
6120323284
6068896927
6046998980
6085575211
6131442194
6131979738
7340667317
7351630129
6130026273
6108571931
7401592432
7413093427
6067790842
5989949995
6037601680
6129985878
6119529868
6040921159
6136218626
7388596720
7352807733
6133299790
7363038705
6071607251
6074591430
6116572792
6069098450
6116633094
6131769711
7409744816
6008934713
6119422763
6131193427
6131982744
6122988669
6008682810
7415539829
6129753761
6064563681
6005783343
6123267536
6069772835
6126670828
7351126643
6108128761
7416792118
7352107956
6106478698
6133145500
6127591357
6128612963
5999843729
6129915820
7340203184
6130028897
6071644107
5977949530
6137710080
6138128324
6085828296
6018634461
6130144743
5972569453
6137337999
6069713607
6075581058
5971882686
6124587818
6098762197
6124168232
6128059732
6128931011
5436234423
6077517665
7353587895
6118716198
6015666862
6059247240
6118683020
6109261007
6116940415
6127986031
6115100448
6114578854
6095512470
6108979538
6115297699
6135475845
6129973860
6075297560
6116119085
6130875350
6119824097
7411623543
6117705639
6140276430
6113069247
7344273585
6079517176
6130183826
6140147012
6127546089
6127650129
7407906801
6048601388
6138201675
6132254008
6042705223
6133003439
5403662283
6064826559
6130028689
6121813949
6081155247
6129316446
6129890666
6128948843
6104047452
7410146036
6064708437
6123450838
6140409987
7385288432
6070668795
6067712571
6049283273
6076033961
6117645960
6074353558
7411073712
6055548242
6060865406
6120634810
6002962585
6117437329
6039954844
5434899994
6131889695
7409989488
7394487410
6132163032
6140030026
6137914895
5982096703
6139825549
6137064013
7404948720
6124262742
6096381165
6138114624
6108820319
6068289478
6139958408
6034482761
6079540812
6093869991
6119708775
6054565038
6113101033
6130167660
7418474550
6129610064
6118381354
7403077879
6140012746
6058817923
6134914569
6122189907
6124997383
6113262952
6120252069
6138684491
6135133436
6135447370
6118783565
6142177806
6110552794
6132417363
7413759861
6138231814
6137621197
6071312340
6130185169
6129871077
6122655942
6132584414
6130221996
7405379827
6132490654
6130127780
5982822813
6077457099
6076394511
6067890589
6124944185
6126426349
6128840705
6129680418
6139418247
7403958005
6045549996
6130350205
6135244104
6130758014
6105552732
6129849701
6127573641
6134287233
6132097641
6120460538
6112629271
6125615458
6025626427
6055240232
6069387209
6067255380
6067909536
6115628890
6135234382
6134016189
6134817357
6062137982
6131915183
6138658187
6124426725
6034987579
6131851305
6130799239
6075710209
6131188758
6128304358
6138118543
7412422711
6132910106
6129802917
6127925459
7415798389
7414514417
6130630170
6103319952
6122517803
6105684601
6132521950
6135335759
7342540145
6067389780
6053874347
7410892662
6118248086
6097570120
7339996080
6132420627
6136372994
6028681181
7411453687
6058176889
6139966541
5457773187
6010404582
6081786040
5990219784
6106865616
6128891630
6047478758
6120354346
6064495847
6131462109
7412519479
7411285751
7417443894
6108969388
6136381506
6136193736
6129019435
6094739000
6060629484
5444104286
6026267883
6112881483
6073347529
6030427768
6063695844
6055723226
6132206672
6133877312
6135974779
6128325718
7417875190
6139531972
6129683414
6133206520
5986201492
6039831080
6134867836
6045575675
7414388017
6010015120
6073931282
6078202985
6138381835
6070553276
6130058925
6128357165
6064238504
6104249449
6135796104
6072793338
7307059315
6105294307
6120558509
7416816114
6138025290
6133205816
7409092918
6121431791
6130050836
6124241112
6132011521
6098090130
6129984084
6129430297
6105390749
6123275112
6065719699
6116846248
6131310679
6140594499
6141315532
6126481004
6136065531
6114272637
6060845905
6128991320
6130051437
6088267793
6142479884
6040644152
6128847021
6132080403
6004569856
6138108815
6131921785
6119552036
6129893592
6137924495
6062398987
7410939120
6138022346
6036741789
6125304677
6131441751
6117755237
6121257818
6105932224
6061414409
6137628289
7318488631
6073580873
6137939659
5990445306
6093637854
6132277464
6129222187
6073828615
6124789589
6127363065
6128974694
5445393189
6132970301
6131099033
6131947090
6129772367
6136433596
6078164680
6040358933
7365826736
6134862210
6066187178
6141951758
6131976704
7415166002
6060440441
6127603302
6130425624
6130168609
7412860469
7401940530
6138680907
6124311615
6136354364
6107448173
6120093129
6128120955
7414235569
6119368266
6130390567
6130172394
6130144106
6128023442
6132123625
6114151878
7414290225
6139628611
6133176762
6114473274
6131974367
6129751973
6113230034
6121867683
6075852200
6075453838
6131350167
6126404713
6082777625
6120705195
6048239231
7411213360
6132185310
6136517378
6131937426
6101650346
6029221759
6046378755
6138203718
6138059968
6131903437
6030967746
6086537896
6067465994
6128995627
6065983237
6133311561
6047734185
6047359019
6113221197
6124463784
6142187790
6059102545
6011526354
6107570828
6129832516
6086276459
6004146847
7326399473
6128489448
6067961181
6131438499
7348738038
6129026386
7411494066
6138718731
6130128872
6142478476
6122636825
6081230791
6091932520
6135607174
6080784126
6108613083
6133798603
6136420540
6123282656
6065850957
6134896767
6138697419
6137621825
6073174417
7415828277
6133247418
6126584510
6142187982
5378696125
7312540785
5408089159
6102192232
6114770639
6125681700
6130090728
6138111168
7418500342
6129529250
6113144701
6061532386
6130263841
6132734109
7389261047
6098080017
6129901988
6113577189
6128509423
6063891452
6139518279
6139060936
6104277136
6140901896
6127809880
6130346660
7404992436
7394212405
6132059989
6121465132
6119695324
6096822937
6114378350
7418503862
6053116747
6131396610
6039907163
6132231163
6134311357
6130437648
5454252811
6129993280
6066579705
6131201302
6076663528
6131383135
6121376955
6081139982
6112281056
7360676278
6123168274
6132094613
6120588410
6065807332
6134740746
6125518660
5967950470
6056347160
6110426651
7416824818
6108180153
6123688723
6137210635
6142195022
6130316257
6128116504
7346721010
6131202326
6011084436
6137770305
6094283710
6133365560
6085639627
6130351140
6142203532
7411325040
5979167789
6131982293
6130889277
6126070127
6113758979
6133368632
6129600404
6130307820
6137905033
6135701698
6043718481
6131876713
7350162548
6130430567
6140635715
6131262907
6138157455
6129846248
6134002813
6107080021
6137596166
7358676918
6092875466
7334747891
6126940626
6057631126
6103186262
6077100778
6130337118
6004296665
6142492876
6130345046
6142151950
6106789568
6076724044
6108155672
6094525229
6135715141
6064020973
6117058705
6131437987
6140025102
6137943615
7377239925
6081987295
6140670979
6102405611
6130203668
7413232435
6023490914
6054698285
6123548370
6108307159
5988857953
6129884050
6130429607
6062452966
6127054820
6129189870
7407434805
6096646891
6129078950
6127723586
6129109771
6132211731
6133460444
6129660514
6129757376
6061866753
7415646389
6129012645
6124448082
6119810534
6132322840
6132202207
6137944649
6036260095
6073256510
6139176387
6093341924
6129927596
7411174128
6126149400
6127949714
6116899393
7411258096
6061145425
7412601587
6128647229
7358216183
6126556167
6129536249
6086105258
6140935816
6129198818
6132893469
6117584223
6105002706
6076970849
6052914125
6132139177
7413045622
6109102631
6058371239
6132165727
7404289587
5989378010
7414328242
6092987212
7390976880
6074276352
6081028032
6131790559
6128835042
6053096494
6056388739
6131416995
7392601333
7352391283
6131091676
5456378402
6131201311
6080351503
5397827313
6134693762
6075919821
6130174189
7416777906
6131160839
6096821944
6056459644
6130268268
5967294631
6086812488
6087198697
5968809730
7416839218
6126422020
6131294240
7402674609
7415401589
6138428035
7407011765
6131322199
6137585484
6132370843
6116327458
7409356467
6136724608
6138269894
6139813197
6119568546
6077470728
6131265870
6130331617
7411169907
6107102098
6130439527
6044391570
6120345618
6127134867
7327351159
6068039964
6046512143
6013482192
6037361728
6078563262
6135209666
6131734713
6130194602
6131350458
6127719438
6092142097
6123252295
7327393975
6106494266
7392504183
6110186643
5988367108
6138259270
6014106924
6131218006
7413231798
6058286682
6134883078
7354538162
6132884701
6122452817
5443915071
6123715100
6141121672
6131897897
6138383051
7416846002
6131433794
6070693469
6082138296
6069747233
6135674821
6106729572
6117262079
7412152753
6113443395
6127076818
6119170974
6110487961
6071538560
6065939026
6108029345
6097092556
5390976021
7399575859
5443510845
6071424157
6068653338
6122215332
6130256641
7406121715
6131467223
6124840621
6136128123
6139009927
6136293707
6131158806
6140512259
6133555548
6131912863
6114269505
6125421268
6138174666
6128908706
6135534158
6100206461
6116032787
6053641545
6132955086
6122863824
7335745203
7416650162
7418547572
6065912808
6066764002
6041845380
6021760548
6075847371
6056710648
6124688536
6135800005
7338605424
6107558572
7414364209
6123317021
7414730805
6013488656
6012778301
7418788788
20039805
7401409015
6059461219
6128937134
6130178919
6131166035
6060210586
7403149108
6140067146
6064424057
6132182802
6098095463
7340010673
6133227517
6127506913
6121188876
7395766771
5456093309
6130182826
7411391024
6078549891
5392956093
6133539100
6119537224
5981786477
6067352413
6075561195
6136142851
6138057152
6113225501
6132328856
7416252146
6125778705
6131932888
5461863948
6043063246
6135535557
6106737056
5971914790
5398491935
6058518014
7358175156
7393194418
6116539732
6026267860
6065389371
6130180193
6129973206
6136126651
6129245926
6119529638
6138014793
6103481031
6132991098
6122612116
6066268183
6074731225
6131813714
6104929578
6129327648
7416109812
6131258784
6138019663
6137020032
6090389806
6038953323
6137439239
6135549957
6132887706
6130434028
6106122461
6106278109
7360267891
6094267923
6095375322
6128552517
6134158525
7378917173
7410995824
6058967505
7384548853
6132049749
6131223958
6132123861
6127894178
6139533319
6055943943
6132806365
6130431788
6097760475
6132793373
6073988626
6107898321
7356077616
6029675108
6015765161
6740921204
6127629288
7414552497
6020470912
6121769553
5988964174
6132150447
6131036630
6138087615
6015002285
6123827896
5990001754
6073516159
6069405822
7416416370
6038372792
6107404036
7407388021
6110087805
6057305628
6139381511
7387199219
6055287996
6059468601
6076222586
6130318700
6115000104
6048629390
6041954759
5409612308
6053720568
5440422278
7412554679
6115420778
6118745761
7412559479
6126667347
6118971518
6121122265
7412553591
6074028798
6105582810
6129748130
6138030150
6077469003
7360132787
6129213648
6091701060
6126649564
6132892123
6138243721
6129313382
6123946202
6121592360
6077019406
6097350367
6138388927
6126781615
6131138585
6121798243
7333292912
6111187625
6057819305
6138771467
7415904116
6096585112
6110561123
7396261044
6087000970
6128681362
6128566050
6129553977
6044786754
6109566219
6036423390
6074016734
6135061129
6053006691
6127556508
6074960385
6100059330
6038621000
6122497995
6118520589
7346183286
5982445026
7359920176
5433774850
7418264310
6139663555
6032754086
6135587469
6132255888
6066073018
6054618238
6077245778
6058926907
6140750979
6742940337
6138412170
6139282759
7403426869
6120523610
6125430612
6072079550
6129251563
6129513108
6094313912
7401310960
6069965847
6125947475
6125896032
6126844334
7410272949
6073657921
6131155936
6131224095
6126427259
6138256905
6101484809
6108062122
6132221842
6137780545
6129288171
6131517847
6114584450
6081889976
6039247632
6130374329
6100983063
6087145869
6133100250
6121900442
6110128400
6129197486
6049296259
6096986668
6138257231
6070364104
6069211073
6142036558
6136545148
6052485148
6108718627
6128409069
7411423408
6069424835
6132274320
7274182198
6113366758
6126664459
6114732330
7396434103
6061331710
6070675437
6083465295
6134381437
6039785280
7412495351
6128360926
6118151321
6124663514
6129737954
7354592692
6011623809
6122058527
6137866368
6134984586
6082686287
6129511148
7418825588
6021866967
6119002648
6132678494
6138311558
7416858930
6112587983
6130343060
6138213312
6130363233
6023212059
5462398335
6133313210
6092603988
6059093419
6139385351
6087055169
6135341378
6109849723
6125389533
6123735892
6124832292
6127118427
7402769655
6125555521
6128196676
6129784943
6065404042
6114853157
6132371288
6105751699
6137895563
6133161080
6132616378
6129925716
6133954427
6127222633
7404742064
6129844717
6099392527
7413908278
6142221582
6106747358
6128762988
6056590103
6100949860
6118792447
6128802158
7404862579
6128285716
6132101912
6128719197
6086094781
6125106402
6118607064
6133102170
6138396863
6136166779
6133572682
6068667813
6122767593
6113611563
6027335961
6066848449
6102320357
6138265039
6128661308
5464098474
5983311869
7287236530
5427933119
6081473833
6024088742
6108024770
6072698407
7341324849
6099416568
6132191849
6055272932
5975975563
6053137373
6038707486
6116986049
6130240938
6140504644
7413215985
6064243390
6077034320
6105426412
6062698363
7363926070
7073790199
6127517601
6130686355
6127701655
6007119395
6047268386
6128507818
6122058426
6114719522
6070565782
6064392479
6118751196
6141286792
5965775631
